1 0.0606060606061
2 0.246153846154
3 0.0
4 0.163265306122
5 0.0909090909091
6 0.228915662651
7 0.47619047619
8 0.291139240506
9 0.290909090909
10 0.0
11 0.105263157895
12 0.136363636364
13 0.208092485549
14 0.331360946746
15 0.308157099698
16 0.04
17 0.43956043956
18 0.468202764977
19 0.181818181818
20 0.307692307692
21 0.193771626298
22 0.227272727273
23 0.291457286432
24 0.285714285714
25 0.333333333333
26 0.194690265487
27 0.0645161290323
28 0.378378378378
29 0.527472527473
30 0.0
31 0.0
32 0.188679245283
33 0.142857142857
34 0.218181818182
35 0.05
36 0.28
37 0.153846153846
38 0.189473684211
39 0.372093023256
40 0.672283066554
41 0.453987730061
42 0.590909090909
43 0.494382022472
44 0.635811836115
45 0.404761904762
46 0.430647291942
47 0.353658536585
48 0.502463054187
49 0.345679012346
50 0.387543252595
51 0.0
52 0.386292834891
53 0.0
54 0.16393442623
55 0.0
56 0.181818181818
57 0.482993197279
58 0.271255060729
59 0.117647058824
60 0.120481927711
61 0.175438596491
62 0.455197132616
63 0.158415841584
64 0.262032085561
65 0.301886792453
66 0.394849785408
67 0.123076923077
68 0.499194847021
69 0.521739130435
70 0.190476190476
71 0.344827586207
72 0.347826086957
73 0.35472972973
74 0.503856041131
75 0.247863247863
76 0.344202898551
77 0.0
78 0.461538461538
79 0.48788368336
80 0.304932735426
81 0.277777777778
82 0.244897959184
83 0.111111111111

