1 0.0
2 0.142857142857
3 0.0
4 0.142857142857
5 0.0740740740741
6 0.269938650307
7 0.315789473684
8 0.317567567568
9 0.208333333333
10 0.0
11 0.181818181818
12 0.153846153846
13 0.18320610687
14 0.363636363636
15 0.375609756098
16 0.0
17 0.430769230769
18 0.476267095736
19 0.186046511628
20 0.291187739464
21 0.200607902736
22 0.246153846154
23 0.346504559271
24 0.31884057971
25 0.358974358974
26 0.22
27 0.0
28 0.30303030303
29 0.588235294118
30 0.0
31 0.181818181818
32 0.164705882353
33 0.142857142857
34 0.333333333333
35 0.0
36 0.0
37 0.0
38 0.214285714286
39 0.31914893617
40 0.703353396389
41 0.501061571125
42 0.558139534884
43 0.498402555911
44 0.65593220339
45 0.0888888888889
46 0.490486257928
47 0.424242424242
48 0.497409326425
49 0.262295081967
50 0.430317848411
51 0.0
52 0.41452991453
53 0.1
54 0.220338983051
55 0.0
56 0.0792079207921
57 0.517928286853
58 0.288828337875
59 0.0425531914894
60 0.116279069767
61 0.182648401826
62 0.482401656315
63 0.189781021898
64 0.329268292683
65 0.300254452926
66 0.396624472574
67 0.183098591549
68 0.513071895425
69 0.558659217877
70 0.152173913043
71 0.303571428571
72 0.333333333333
73 0.373205741627
74 0.488188976378
75 0.204204204204
76 0.344303797468
77 0.0
78 0.520833333333
79 0.56796769852
80 0.310924369748
81 0.0909090909091
82 0.307692307692
83 0.0952380952381

