1 0.0769230769231
2 0.0
3 0.0
4 0.0
5 0.0
6 0.239520958084
7 0.111111111111
8 0.283828382838
9 0.315789473684
10 0.0
11 0.0
12 0.0
13 0.0761904761905
14 0.330578512397
15 0.316715542522
16 0.0
17 0.434782608696
18 0.444444444444
19 0.0
20 0.273291925466
21 0.0782122905028
22 0.227272727273
23 0.28
24 0.047619047619
25 0.0869565217391
26 0.235294117647
27 0.0
28 0.193548387097
29 0.471544715447
30 0.4
31 0.0
32 0.204081632653
33 0.571428571429
34 0.178571428571
35 0.0
36 0.0
37 0.0
38 0.103448275862
39 0.333858267717
40 0.638888888889
41 0.478781284004
42 0.577777777778
43 0.514435695538
44 0.582136164897
45 0.376470588235
46 0.454054054054
47 0.282051282051
48 0.453333333333
49 0.185185185185
50 0.411889596603
51 0.0
52 0.348484848485
53 0.0
54 0.0
55 0.0
56 0.0
57 0.418848167539
58 0.257234726688
59 0.0740740740741
60 0.0
61 0.0493827160494
62 0.477453580902
63 0.0851063829787
64 0.25974025974
65 0.261501210654
66 0.422310756972
67 0.153846153846
68 0.528552456839
69 0.527777777778
70 0.0392156862745
71 0.19512195122
72 0.5
73 0.225433526012
74 0.422535211268
75 0.215938303342
76 0.341346153846
77 0.0
78 0.351351351351
79 0.510909090909
80 0.160427807487
81 0.0
82 0.129032258065
83 0.0

