44,52,73
23,79
8,18,41,69,75
40,44,68
62
15,43,44,46,50
40,44,62
8,18,69
8,69
40,41,44
47
40
40,44
40
39,44
18,40
40
40,48,79
18,63,71,79
40,44
40,48,74
40
8,44
44,73
41,44,52,73
52,57,73
18,44,68
40,62,68,79
18,40
40,41,44,50,65
62,79
39,76
15,46,50,62,76
62,66,79
44,48
18,74,78,79
40
46,50,52,57,73
18,62
40
44
43,44
79
44,62
33
18,39,58,79
18,62
15,44,65
6,23,45,50
40,44,68
62
41,44
46,50,52,73
66
15,39,43
50,52,73
44
44
47
40,44,62,68
44,46,50,58
40
65
41
79
44
79
44,68
41,44
44,62
62
65
39,66
79
18,40
40
18,46,64
40,44,63
50,65
23,79
40
18,46,50
44,52,73
23,29,46,50
41,46,50,69
8
18,40,44,68
40
40,44
46,48,50,52,73
39,46,50
40
62
44,46,52,62,73
18,41,69
6,18,23,66
40
40,41,48
44,52,68
14
46,52,57,73
14,25,40,44
18,40,44,68
44,64
18,40,44,68
41,69
40,44,68
40,44,52,78
18,39,40,78
40,44
40,44,62
66
44,68
62
58,62
43,44,73
40
8,23,76,79
44,62
18,30,68,69
18,68
18,39,58
44,68
44,68
66
8,18,32,69,70,76
40,41,44
40,44,68
6,62,64,79
20,40,43,64
44,62
34,44
40,44,68
23,41,75,79
46,50,52,65
8,21,49
2,18,58,66
8
46,50,52,64,73
24,39,40,43,48,79
46,50
40,44,68
44,62
41,44
21
41,48,74
79
69
40,48
40
44,46,50,62,65,76
40,48,80
41,44,74,78
41,44,62,73
40,44
39,66
50
15,43,79
14,44,62
18,40
44,68
43,44,68
65
44,46,76
8,32,41
18,69
18,23,26,79
41,43,50,58,73
43,65
6,18,23,26
40,41,44,62
41,44,69,75,76
18,40,68,79
39,44
40,44,68
46,50
41,57
44,68
18,40,44,68
41,69
69
40,44,68
18,44
38,39,49,79
44,68
8,18,20,45
40,48,79,80
6,18,39,66
18,40
8,75
40,44,68
46,50,54,66
62
40,44,57
40,44
44,68
50,52,58
40,43,44
41,43,50,73
44,68
40,52,74
40,44,62,73
15,58,62,76
79
20
46,50
40
18,44,62,76
44,52,68
40
40,44,63
40,44
18
44,50
14,40,44
46,50
18,58
46,52,73
44
40,44
29
18
40,68
40,41,44
40,44
1,66
8,39,79
40,41,43,44
40,44
40
57,74
65,69
14,44,62,73
40,44,63
44,68
18
40
23,66
41,44
14,44,52,62
40,44,62
44,68
40,44,57
41,44
40
40,48,79
44,52,62,73
66
40,43,44
40,48
40
41,44,69
44,62
18,39,74,79
39,58
18,41
8,75,79
62,65,76
44,46,50,52
40,44
44
23
39,66
41,44,47,79
15,43
41,46,50,64
41,48
40,44
18,40,44
46,64,73
18,23
40
52,62,73
14,40,44,62
40
15,18,41,52,62,76
40,57,74
44,46,50,64
15,41,50
40
41,44,52,73
18,40,44,68
79
40
41,62
18,44,68
74,78
40,48
43,44
44
23,39,79
66
52,66
44
44,62
41,44
43,44
62
46,50
8,43
44,62,73
66
14,44
14,44,62
46,50
47,79
47,79
14,44,62
8,44,62,76
39,66
18,40
44
8,44,46,52
18,62
23,40,58,66
14,40,44,62
62
40,44
79
40,44
44,62
20,29
62
14,44
40,44,68
79
41,44,50,73
41,44,82
40,44
8,18,69
40,44
39,79
41,44,46,50
14,44
40,44,57
40,41,44,62
15,44,46
15,43
44
41,43,44
40
79
26,47,58,79
40
44,62,68
18,41,46,69
18,40,44,68
62
44,68,73
18,68
41,44
18
40,44,62
40,57
41,43,44,62
40,43,46,48
44,73
18,40
44,62,73
6,18,23,79
41,44
2,18,58
40
40,79
21,49,52
40
46,50
18
40
45
79
18,40
1,6,18,45
41
19,40
41
8,46,50,52,65
40,43,44
23,79
40
40,46,50
18,58
18,40
40,48,79
20,23,66,79
40,48,79
28,44,63,68
40
79
21,44
40
40,43,62
40
43
15
46,50
41,43,52
79
40,44,62
21
6,18,29,58
14,40,44,62
46,50,52,64
41,43,44,52
40
66
6,20
43,44
18,40
41
44
15,44,50,65,73
40
44
65,79
39,66
40,57,80
40,44,62
18,41,44,72
41,43
18
34,40,44
41,43,48
44
52,69
39,46,50,52,57
40
18,74,79
44,62
40,44
39,58
18,41,69
18,39,40,74
46,50
23,66
41,69
18,40
1,66
40,44,68
40,44
46,47,50,79
79
40
41,44,65,69
18
40
18,44,68
40,52,57
66
15,39,41,47
40,57,74
32,41
41,44
15,40,43,48,79
40,44
28,40,44,68
15,39,40,43,74,78
40,48
40,44
39,58
46,50
29,39,58
18
8,18,41,69,75
79
41,44
40,44
18,40
18,42
8,58
5,43,44,62
8,21,49
79
14,34,41,44,62,73
18,29,45,54
44,46,50,52
41,42,44,46,50,69
44,46,50,65
40,48
40,44
40,44
14,40,44,48,62
39,58
29,46,50,52,58
40,79
62
46,50,52
44
18,40,68
39,66
7,79
20,52,58
39,41,62
44,46,50,52,65
44,62
40,41,44,62
43,44,62
62
66
23,79
18,23,66,79
46,50,52
40
41,42,44,46,69
18,23,29
46,50
40,44
6,18,23,66
41,44,46
20,23,58,79
21,52
18,41,69
14,40,44,62
6,18,23,79
41,44,52,73
20,23,43,64
15
41,44,62
40,44,68
40,41,44
41,46,50,69
18,40
41,44,58,62,69,81
18,26,40
18,39,65,79
43
44,62,73
6,18,45,58
8,18,41,69,75
18,40
29,46
40
15,49,66,79
40,48,74
43,44
40
14,34,40,44,62
8,21
23
40,44
40,44
47
52,62
15,43,48
46,50,52,65
41
41,44,69,81
41,44,62
18,46,50
46,52,73
71,79
40
44,73
40,44
46,52,62,73,76
62
40,50
15,40,43,44,48,62
41,44,69,81
40,57,65
41,69
40,79
14,40,44,62
18,40,44,68
18
8,18,41,69
18,68
40,43,48
40,44
40,44,68
23
44,58
40,48,79
44,68,74
41,46,50
46,50
46,50,52,73
46,50
39,66
44,68,73
14,44
18,23,71,79
46,50
44,62,73
23,26,79
40,44
40,48,79
15,40,43,48,50
20,45
15,39,40,43,78
14,44,62,73
6,20,23,79
41,43
40,44
48,79
8,39,41,44,46,50,64,65,75
44,68
18,62,68,79
18,39,64
18
18,65,69
6,18,26,79
40
15,39,40,43,74,78
39,79
40,44,68
18,40
18,62,76
49
14,44
18,40,68
44,62,65,73
40,44
8,21,49
18,20,23,45
65,69
41,44,69
44
43
18,44,68
66
40
40,46,48,50
18
44,68
41,44
44,62
18,23,58
40,41
41,44,62,76
18,40
46,50
46,50
62
8,21,44,49
18,44
14,44
39,46,50,74,79
14,44
40,57,74,79,80
41,69
40
40,44
46
46,50,52
52,57,73,74,79
41,46
18,62,63,79
40,44,68
40,41,44,62
44,46,64,73
40,44
8,39,69
18,40,68,79
46,50
57,65
43,44
46,50,52,73
46,52,57,73
40,44
44,68
18,50,58
40,43,44
66
14,34,44,68
40,44,68
40,44
68
41,44,48,65
65,69,75
40,57
8,21,49,52
40,44
40,44
18,69
40
18
18,44,68
8,18,69
44,50
46,50,65
15,39,43
46,50,58
40,41,44
23,29,46,50,79
15,44,62,76
44,68
39
18,40
44,68
14,44,62
62
41
18
41,44
44,46,50,65,79
40,44
14,41,44,69,81
40
46,50,52,62,73,76
40,44
18
21,52
39,44,79
18,47,50,79
41,44
40,48,74,79
41,44
44,62
40,44
40,44,62
46,52,57,73
44,62
18,40
49
8,18,69
44
44,62,73
46,50
15,41,50
79
18,40
18,52,73
46,50,52,76
66
50
41,46,50
50,52
44,62
18,40,44,62
44,68
18,20,66,79
23,50,58,66
41,69
58
18,40
8,21,49,52
15,44,62,76
1,18,45,79
18,39,40
8,23,66,79
44,52,62,73
40,41,44
46,50,64
44,46,50,65
40,44,48
43,44
40
44,62,64,68
62
40,43
41,46,47,50
46,50,58
18
39,71,78,79
18,40,44,68
40,44,68
44,46,50,65
44,52,62
46,52,57,73
43,44
44,62
46,50
41,44,52
41
15,40,43,48,79
44
41,44
44,68
41,44,62
62
6,18,23,65
8,41,69
8,21
18,40,41,62
41,46,50,64
39,46,50,57
66
15,73
18,41,69
18,40,44
46,50
41,44,69
41,44,62
46,50
18,23,75,79
40
62
79
41
6,18,23,66
41,71,78,79
46,50,52,73
41,44,52,65
18,23,62,79
40
40
18,68
40,41,43,46,50
40,41
34,44
18,40,62,80
40,44
65,75,79
14,40,44,62
23
41,44
40,41,44
41,69
41
79
29,46,58
40,44,68
44,62
40,48,74
44,68
8,21
40,48
40,74
44,62
40
62
44,68
18
76
44,73
40,43,44,62
43,48
40
32,69
41,44
40,44
40
18,40
20,63,71,79
46,50
40
6,18
40
40,44,68
18,23,79
44,62
44,68
40,41,44
69
40
41,44,62
39,46,50,78,79
40
15,20,40,79
46,50,52
40,44
43,44
44
41,69
41,44,82
25,44,62
8,18,20
8,65,75,79
23
40
40
41,79
62
76
39,40,74,78,79
23
18,40,68
20,29,64
43,64
40,79
41,44
40,44,68
29,58
41,44
8,18,32,41,69
14,34,40,44,68
6,18,23,26
66
41,44,69
40,44,62
14,44
40
28,44,68
46,52,62,76
41,44,69
40
46,50
40,44,68
44,68
28,44,68
58
44
39,46,50,58
18,46,50
41,44,69,76
44,82
15,18,39,74,79
41,42,46,50
8,44
41,46,50,64
18,20,23,79
18,44
41,44
46,52,57,73,74
8,79
40,44
40,41,44
40,48
40
40
8,44
44,68
40
44,50
40
18,40,52,62
40,52,57
40,44
14,40,41,44,62
40
44,68
44
66
23
40,43,48,74
41,42,46,50
18,68
75
62
40,41,44
40,41,44,62
18,68
14,44,62,73
46,47,50
15,39,40,43,78
18,26,40
40,44
41,44,52,69
62
44,68
40,44,68
40
18
41,43,44
46,52,57,73,79
18,50,58
8,69
39,74,78,79
41,46,50
15,43,46,52,64
39,44
41,43
8,49,52
79
44,52,62,73
40,44,68
44,62
46,50
6,7,18,20
46,50,52,62,65,76
40,44,62
39,47,58,79
40,44
41,44,46,52
40,41,44
21,49
18
18,40,44
18,42
40,41,44
43
43,44
23
79
40,44
8,21,49,52,75
39,40,57
40,44,68
40
40,44
62
43,44
46,62
58
40
41,42,46
39,44,46
15,39,47,65
41,65,69
65
29,46
18,39,40,44
46,52,57,73
36
47
66
18,40
40,48
44,68,74
23,46,50
76
40,44
40
18,58,75,76
62
44,47,79
41,44,46,50
18,20,23,79
40
44,68
44
18,44,68
76
18,40,68
40
44,68
40,44,68
18,41
40,44,68
20,44,73
40
18,40
40,48
41
41,44,46
18,40,68
32,50,69,83
18,39,58,66
62
18,40,44
18,62,71,79
40,44,62
39
18,40,62,68
41
39,79
8,44
40
62
40,44
18,44,68
47,79
41,44,65
40,41,62
44,68
17,41,44,69
44
40
2,18,58
15,46
40,44,62,76
46,50
8,21,49,52
43,44
18,40,44
40
18
14,44,68
8,75,79
41,65
46,50
40
18,40
40
65,69
39
20,36,66
18,62,76
15,43,74,78
20,29,43,64,79
44,46,50
44,62
18,41,69,81
44,62
44,62
15,39,43,78
41,69
41,44
46,50,64
39
44,58,62,76,79
40
40,44,62
52,62
18,41
18,20,62,79
20,43,64
46,50,52,65
44,46,73
44,46,50
18,39,46,50
44,68
69
8,69,75
40,44
44,62
18,42,46,50
40,48
17,44,65,75,76
40
46,50,58
40
18,40,68
40,44
40,44,68,73
18,39
18,20,26,29
40,41,44
40,41,44,62
15,18,44,62,76,82
18,40,74
40,41,44
44,68
17,44,65,76
44
40,44,68
40
40,44
14,40,44,62
18,23,41,76
40,62
40
18,40,44,68
40,43,44,48
46,50
44,62
40,57,74,79
41,44,46,50
29,58,79
14,40,44,62
40,62
23,39,58
12,69
40
41
41,69
18,41,44,52,68
8,44,64
18,40
23,79
40,62,71,78
41,69
18,26,40,44
41,44,69,76
23,79
62,76
33
39,41,65,79
46,50,52
40
18,20,23,45
23,47
18,39,58
40
18,40
8
33
12,41,52,62,69,73,76
21
40
40
41,44,62
18,20,40,79
44,68
6,18,45,46
23,79
18,44,68
18,32,69
18,20,23,54
40,44,68
39,41,44,52
18,40,44
40,44
40,44,62,68
39
17,32,41,44
46,50,52,57,74,79
18
40
18
41,44,46,50,52,62,73
46,52,64
40,44
47,79
18,46,50,52,62,76
40,41,44
34,44,62,68
46,50,52
18,44
39,44,62,76
46,50,58,65
44,46,50
39,66
41,44
44,52
65,75,76,79
2,18,62,70
18,62
40,62
44,58
41,62
8
40,43,48
46,50,52,57,74
46,50,78
44,68
40,44
46,50
44,52
40
41,46,50,52,73,76
44,68
40,80
41,46,50
8,18,41,52,69
43,44
39,79
50,52,73
14,40,44,62
8,18,69,75
8,46
18
18,40
40
15,40,43,48,74,79
18,40
44,46,62,76
47,79
8,44
41,44
40,41,62
39,46
46,50,52
40,44,68
40,41,48
40,44
44,57
40
40,41,43,44
46,50,64
41,46,52,73
40
7,36
40,44
46,50,52,64
62
63,71,75,79
41,44,65,79
18
15,46,50,65
8,44,62,65,76
40,57,74
41,44
40,62,65,76
40,41,44,76
40,44,68
44,52,62,73
41,43,44
18,20,23,52,73
40,44
46,50,52,57,73
62
18,62,63,79
40,41,44
40,48,71,74
28,44,68
18,62,75,76
8,79
8,18,32,41,69
39,46,50,65
18,40,68
40,41,44
44
41,50,62,73,76
14,44
41,79
44,46,50,65
44,62
40
18,40,44,68
41,44,76
39,44
18,44,68
40,44
40,43,44
40,41,44
8,21,49,52,75,79
18,46,50
15,39,43,44
8,50,75
17,62,76
41,44,46,82
18,40,44
41,69
18,44,68
71,78,79
41,69
39,46,50,64,65
44,52
44,68
44,65
79
8,18,69
76
18,39
18,44,62,68
44
40,41
18,46,50,64
46,50,52
18
41,46,50,52,73
39,44
44,62,65,76
40
44
15,44,62,76
46,50,52,73
18,68
41,44,52,62
46,50
44,46,68,73
39,41,46,50,69
8,18,23,79
40
18,69
41,62,76
41,44
39,79
46,50,52,73
6,18,23,26
8,47,79
41,44,46,52,73,82
40,44,46
41,44,52,65
41,69
40
66
41,44
44,46,50,73
41,69
6,18,20,45
41,44,62
23,39,46,50,58
8,15
18,58,62,76
44
39
46,50
41,46,50,52,64
41,44,73
41,62,76
40,41,44
40,44
40,44,68
44,62,76
43,44,68
8,18,62,79
40,44
64
8,18,50,69
40
18,20,66,76
18,40
32
40,44
14,44,68
44
41,43,44,73
40,48,74,79
23
40,44
44,46,50,52,62,76
18,40,41
15,43,44
52,62
18,40
62
39,41,46,50,65
15,43,44
46,52,57,73,74
41,44,69
40
40,44
15,62,76
18,40
43,44
40,41,44
40,62
8,79
44,46,50,68,73
18,47,75,79
8,32,69
15,39,40,43
23,47
46,50,52
62
18,40,44,68
40
41,74,78
41,44
41,43
18,23,58
46,50,58
40,48,74
8,75,79
44,62
40,41,44,50
44,68
47,79
41,44
79
8,49,52
18,40
6
14,44
18,40
44,68
40,41,44
14,34,44,62
23,58,66
43,46,50
79
43,44
8,43,44,52,73
18,20,23,52,73
40,44
44
18,62,76
43,44
62
65,69
41,44,46
14,40,44
41,46,64
47,79
6,18,20,45
23,39,65,79
40,44
40,57,74,80
23,39,66
18,23,52,58
15,39,74,79
40
52,62,73
40,44,68
18,41,62,68
40
40
29,46
18,40,44
44,68
18,68
44,68
40,44
44,52,64,73
41,69
41,44,46,62
41,44
44,62
23,46,52
6,23,45,54
41,44,62,65,76
44
49
39,40,48,79,80
41,44
2,39,75,76
44,68
52,57,73,74,79
18
39,46,50,57,74
20,40,43,64
41,69
40,44
79
39,41,65,69
8,18,20,45
44,68
44,62
41,62
23
39,47,65,79
41,43,48
39
40
18,21,44,68
18,58,76
46,52,57,73,74
44,52,62,73
40,43,44,62
44
40,44,68
40
52,62,65
18,40
40,48
8,18,69
40,44,68
41,43,62
41,44
15,43
41,46,50,52
40,44,68
18,41,44,70
40,48,74
41,44,50
39,46,50,76
40,48,79
40,41,44,62,76
41,52
41,44
21,49,52,75,79
44,62
40,44
23,79
40
40,44,68
15,40,43,65
40,41,44
39,40,78
8,49,52
41,46,50,62
8,41,46,50,52
58,76
15,39,46,50,52,73
62,76
15,40,43,48
44
41,44
44
43,44
14,25,40,44,63
41,43,52
75,79
14,44
18,40
18,41,69
40,41,48
40,48,74,79
40
44,62
62,79
29,46,50
44
58
39,40,57,74,80
41,44
40,41,44
29,46
62
18,39,41,76
46,50,65
44,52,64
41,62,76
40
43,64,73
14,40,44
40,44
15,39,43,48,79
41,69,76
44,62
41,44
18
62
6,39,58
62
44,62
8,18,69
41,44,62,73,76
69
40,41
40,44,62
44,62
14,44
15,41,43,44
40,44
44,58,76
79
41,44,76
18,66
79
41,44,46,50
39,46,75,79
14,44,62,73
44,68
18,40,41
44,68
41,69
41,44,46,50,62,76
74,79
40,44,62
14,44
39,79
41,52,73
41,62
40,44,62,63
18,40
41,44
41,44
46,50,52,73
34,40,44,62
44,46,50,65
40,44
44,50
39,46,50
40
18,41,69
46,50
18,40,68
41,47
69
18,62
46,50
18,41
39,79
14,44,62
8,18,69
41,43,44
44,65
29,46,50,52
18,41,44,72
40,44
44,46,50,65
18,23,46,79
6,18,23,62
40,41,44
62
18,20,58,79
40
18
40,44
62
50,62,75,79
6,18,20,23
18,23,47,79
47,79
40,44
18,46,69
40,41,69
46,50
18
39,46,50,57,74
40,41,44,73
18
15,43
41,69
44
39,40,46,50,74
74,79
41,62,76
18,62,63,71
50,52,62,64,73,76
18,40,44,68
14,44
15,43,44
7
8,43,44,52,73
47,50,79
41,44,69,81
40,44
18,40
46,48,50,52
39,79
18
40,48
28,40,44,68
40
44,76
40
52,62,76
44,68
52,57,73,74,79
20,36
40,62,68,71
41,44,50
18
40,44
46,50
18,39
40,44
18,20,23,79
40,44
41,44
40
23,79
41,44,47
18,39,52,73
18,23,50,79
46,52,57,73
8,21,49,75
20
52
6,18,23,33
40,41,44
65,76
40
18,46,50
40,41,62
32,69
40,44
64
40,44
40,44
62
29,58
40,48,74
39,41,69
40,44,68
41,44
18,40
39,66
43,44
40,48
39,46,50
40,43,48
45,58
44,68
62
46,50
62
41,44
41,44
40,43,44
18,40
46,50,64
44,52,62
18,46,50,52,58
44,68
6,21,23,29
79
50,76
41,46,50
40,57,74,80
40,43,48,74
39,46,50,52
18,39
18,40
23,46,50,54
18,40,68
62
46,50,52,62,63,73
18,39,66
39
6,18,23,66
44,68
44,52,62
41,44,73
40,44,62
8,20,58,79
41,69
40,44,68
14,44
40,57,74
46,50,52
40
29,58
44,68
8,41,69
18,69
18
65,69
39,58
46,50,52,73
79
40
40
46,75,76,79
41,62,76
23
18,40
41,69
43,44
44
44,68
41,65
18,69
68
18,41
39,66
40,41
8,18,69
41,43,50,52,58,73
41,42,46,50
76
46,50
39,44
44,68
71,78
15,18,39,43
20,43,64
8,21,49,52,75
52,66
62
41,44,62
40,44
18,44
20,43,64
44,58,62,76
7
44,46
40,48,71,74
20,23
14,41,44
68
46,50,64
52,57,73,74,79
44,79
18,23,41,79
40,48
44,65,75,76
62
40
23,62,63,74
18,58,70
44,62
40,48
47,79
40,44
44,62,65,76
40,57,74
47
40,79
23,39,58
40,48,74,79
40,43,44,68
14,44,62
15,43,79
44,46,50,62,65,76
40,44
8,49,52
47,79
79
6,20,23,58
20,40,43,64
14,44
46,50,58
40,79
44,46
6,18,23,26
40,43,44,48
41,42,46,50
40
17,44,65,76
40
46,50,52,65
20,29
44,52
40,41,44,62,76
39,40,41
46,50,52,57,73
15,41,43,44,48
20,40,43,64
40,44
39,40,46,50
41,44,46,50
18,68
15,41,43,48
18,41
62
23
62
14,41,44
8,75,79
40,44
18,22,39,76
39,41,69
40
41,44,46,82
41
40,57
40,44
40,41,44
40
18,41
52
21,52
8,18,69
8
64,69
41,44,52,62,73
62,76
14,34,44,68,73
14,40,44
40,65,79
14,44
23,39,47,58
40,44
44
41,43,58
18
8,15,40,43,48,65
43,44
43,44
14,44
18,20,47,64
18,40
23
20,43,64
40
58
41,43,62
8,44,52,62,76
39
46,52,57,73
8,79
18,40
14,44,62
18
41,44,46,50
40,44,48,74
8,21,49,52,75
50
46,50,52,64
17,41,76
79
44,46,52,64,73
18,68
14,40,44
44,50,52
40,41,43,44,62
40,44
44,62
40,44,68
47,69
15,39,40,43,78
62
41,44,65,75,76
18,40
18,44,68
44,68,73
18,40
46,50,65
15,39,40,43,57,74
18,44
18,32,69,70
18
44,68
41,69
40,68
40
40,44,68
41,44,62,76
41,44,69
40,79
40,44,68
18,23,45,54
44,62,76
18,20,50,58
41,44,46,50,65
18,40,66,79
41,69
18,39,41,44,70
34,44,62
18,40
44,68
62
39,44,79
47,79
40
41,44,62,76
40
44,62
39,66
18,20,47,79
41,44
18
18,34,44
44
23
18,20,36,45
14,41,44,62
44,62
33
41,44,69
18,43,44,46,50,52,73
44
20,43,64,79
18,46,50,52,58
79
41,44
41
39,52,57,74
40,44
44
44
40
40
18,40,68
40,41,44,62
15,44,46,50
40,48
40,44,68
58
23,79
44,46,50,65
32
52,62
41,44,46,50,69,75
40,41,44,46,50
39,66
39,41,44
40,44,62,73
40
18
18,39,58
48,79
15,18,23,79
47
40,44
18,40,44,68
41,69
40,44
41,44,62,73,76
44
44,64
40,44
41,46,50,64
20,45
46,50,64
41,44,46,50,52,73
39,46,50,52
23
39,52,66,73
18,20,23,45
40
41,62
18,44,68
39,41,44,46,50
40,44
44
40,44,63,68
41,44
18,40
40,44,68
44,46,50
40
14,40,41,44,62
15,40,43,48,50
18,40,44
41
50,65,75,76
23,79
40
23
62
44
6,16,18,23
44
23,29,58
46
46,50
18,40
40
44,73
39,44,46,50
8,79
39,40,57,74
46,50
44,68
41,44
8,39,69
23,79
8,41,69
40,57
44,46,50
18,40
44
41,62,76
39,41,44
40,48
18,44,69
20,23,43,64
18,40,68
46,50,52
18,23,75,79
15,39,40,43,74
41,69
65,66,75,79
40
44,48
18,39,76
15,40,43,48,74
41,74,78
40,44,46,50
15,43,46,50,65
18,40
18,40,68
40,44
32,44,46,52,62,73,76
46,52,57,73,74
40,44
18
39,40,41,69
18,40
15
40,44,62
44,52
40,44
2,18,62
50,69,75
18,40,44
40,44,68
44,46,50
44
44,46,50,65
44,46,50
41,44,73
14,44
65,79
8,75
40,44,68
40,44
18,40,44
43,46,50,64
41,69
49,52
79
58
41,43,44
46,50,65
69,76
47
18,40
18,39,41
6,29,45,79
46,50,58
46,52,57,73,79
25,44,62
44,68
44,52
8,18,69
40,44,68
40,57,73,74
18,40
39,58
18,40
8,69
18,40
18,40,68
8,18,69
66
39,46,50,52
69
41,44,46,50
20,43,79
14,44
46,50,52,64,73
40
41,44,82
47
18,40
44,64
40,41,44
39,44,52
23,66
40
62
18,62,76
46,50
43
8,69
14,44
44,52,73
44,65
18,40,44,68
15,22,39,40,43
40,44,62
44,50
8,75,79
44
18,68
29
41,65
18,69
44,62,76
79
46,52,57,73
18,23,75,79
23,79
18,44,73
40,44,62,76
46,50
39,40,57,74
44,68
41,44,69
41,44
18,40,68,79
8,18,21,26
44,52,68
29,46,58
66
44,46,50,65,76
40
40,48,79
39,41,65,69
62
20,43,64
18,46,50,58
40,44,62
14,44,62
40,41,44
39,41,44
41,44
14,44
15,18,50,79
41,43,44,46,73,82
15,44,65,73
18,39,58
14,40,44
18,40
18,40,68
15,39,40,43,74,78
41,44
62
18
62
40,44,62
44,68,73
40
40,44
40,44
40,44,68
6,18,45,79
44
40,79
18,40
39,40,57,74
44,68
40,44,68
44
40,44
41,44,82
40,41,44
8,44
40
40
46,50
39,66
66
18,19,44,46,68,73
23,39,79
65
14,44
15,40,43,48,74,79
39,50,58
41,62,76
40,44,68
23,58
32,39,58,76
40
18,46,50,58,66
18,40,62,68
40
14,40,44
18,40
46,50,52
15,43
9,41,44
41,44,52,62
15,43,48,79
44,46,50,65
39,62,76
46,50,52,73
46,50
41,44
41
12,44,69
40
40,41,44
14,44,52,73
46,50
40
18,40
46,50
18,58,62,76
46,50,52,57,73
44
14,41,44
40,44
46,50,58
40,48
15,44,62,65
18,69,75
39
47,79
44,52,62,73
44,46,50,52
40
41,50
40,41,44
39
40,44
41,69
41,44,46,50,82
41,44,69,81
39,40,57,74
29,58
44,46,64,73
39,41
43,44,57
18,40
20,36
8,12,69
18,40,44
41,44
18
44
15,40,43,48,79
79
18
44,62
41
40,44
41,42,46,50,64
40,41,44,62
46,50,58,64,79
44,52,62
18,40
39,66
14,44,62
18,26,40
18,66,70
41,43,44
18,40,44
39,66
44,62,76
46,50,58
41,44
62
46,50,52,73
8,21,49,52
44,68
44
18,40
41,44
34,44,68
21,49
8,41,44
46,50,52,73
14,44,52,62
39,44
44,46,50,65
18
18,39,74
33
18,44,62
18,40,68
39,76
66,79
40,44,57
40
34,40,44
40
18,40
39,79
8,69,75
40,41
46,50,52
69
18,40
18,44
40,41,44,62,76
40
18
40,44,57
46,47,50,79
41,69
52,62
44,68
41,44
40,68
79
20,29,46,50
41,44,62
15,44,65,73
40,44,68
39,62,76
18,58,62,76
46,50,52,73
15,40,43,48,62
41,44,46,82
39,40,74,79
40,43
41
39,46,50,65,69
40,48,74
8,41,69
15,39,43,52,73
44,46,52,73
40,44
18,68
46,52,64
18,23,35,79
40
14,41,44
18,20,62,79
18,40
18,23
41,65,69
41,44,82
29,58
66
34,62
18,58,62,64,76
15,44,50,52
41,44
15,39,43,46,50
14,40,44,62
44,62,69
8,40,79
23,66
39,66
18,62,76
18
43,44
44,62,73
65
17,65,69
44,46,50,62
23,66
8,41,69
46,50,65,78
64
44,46,50,65
18,40,44,68
62
40
62
44,68
40,44,62
40,41,44
46,50,52
50,52
62,76
40,44
52
40
41,69
28,41,42,44,50
40,44,68
40,48
40
43,44
18,39
44,68
18,69
43,44
21,49,52
69
44,62,68
40,41,44
46,50,52
40,44,62
41,44,82
41,44
44,46,50
41,69
18
44
41,44
44,62
40,48
40,41,44
8,18,69
18,40
79
39,66
40
41,44,69
46,50
46,50
18,40
18,23,45,79
58
58
39,50
40,44
40,48
40,41,43,44
62
18,41,42,46,50
49
58,66
46,62,76
18,23,45,54
40,44,68
40,44,68
23
66
44,62
18,40,44,68
40,44
18,40
33
41,44,69
40
47,79
44,68
20,40,43,64
21,49,52
44,68
41,50,69
40
44
52,58
15,44,65,73
18,40
46,47,50,79
15,43,79
46,50,79
15,43,79
8,47,63,79
40,41,44,46
46,50,52,64
41,46,50,52,73
40,44
40,44
18
23,62,66,79
62
79
40,44,68
8,15,40,43,65
52,62
44,68
23,26,29,54
40
15,44,65,73
18
15,44,52,62,73
39,41,69
40,44,62
18,40
40,43,44
20,66,75,79
18,69
18
66
40,44
18,40
18
58,62,76
40,44
44,68
40,48,65,74
39
18,41,69
44,46,73
40,44
18,42
18,40,44
79
46,50,52
18,40
39,74,78,79
41,44,46,50,65
41
40
40
40
18,23,41,79
46,47,50
15,40,43
40,44
40
40,44
52,62
40,48
40,43,44,48
62
41
66
6,18,23,54
40,41,44,48
41,44,47,69
46,52,73
52,62
40
40,44
46,50
44,52,62,73
40
44,46,50,62,65,76
40,44
44,52,73
40,79
18,23,79,80
40,74
41,44,62
40,44
40
39
44,68
46,50
41,50,62,76
40,44,68
8
58
41,46,50
40,44,62
44,65
14,44
15,44,65,76
68
40,44
52,68,73,74
40,44,62
9,41,44
40
79
39,46,50,52,58
69
41,69
18,62,75,76
44,62
71,78
40,43,44
44,68
39,41,44
40,44
40,44,68
8,69
52,75
20,36
40
40,79
46,50,58,65,73
76
40
46,50,52
15,39,40,74,78
41,44
40
40
41,69
44,68
18,68
40
18,40
8,79
41,44,46,50,52,73
43,44
44,52,76
21,49,79
58,62,76
44
40
40,44,68
79
79
18
23,39,58
18,19,44,52,64,68,73
18,40
62,76
41
18,40
41,69
39,46,50,58,73
45,58
14,43,44
40,44
8,69
52,62,73
40,68
18,68
23,43,79
52,73
44,62
65
40,44
23,47,76,79
18,39,66
57
41,43,44
43,44
79
39,44
62
41,76
23
40,44,68
52,57,73,74
41,44,62,76
40,44,68
28,40,44,68
40,41,43,44
17,41,69
46,52,73
58
65,79
41,43,44
39
44
8,69
44,62
44,62
44,65,76
15
40,44
41,44
40,44
40,41,79
41,69
39,41,44
44,62
18,40
40
41,44,50
44,47,79
15,40,43,65,79
39
14,44
18,44,68
44,68
41,69
40
8,18,26,49
41,46,69
40,44,48
39,41,69
41,44,68
40,44
8,21,49,75
39,46
8,79
40,43
41,44
41,43,44,73
46,50,52,57,73
41,46,50
14,44,62
18,66,69
62
18,40
40,44,68
41,44,46,50
48,74
40
29,58
44,46,50,52,73
58
40
40,44,68
18,32,44,62,76
44,68
39,41,44
18,32,41,69
14,44
15,43,44
40,44
40,44
39,58
6,29,45,54
40,68
40
18,41,69
40,41
41,44
1
48,65
40,44,57
44,73
79
23,52,79
29,50,58
6,18,20,33
18
40,44
52,62,73
44
15,39,41,79
8,18,33,35
23,43,46,79
39
18,40
18,40,68,79
52
41,44
58,62,76
15,44,46,50,62,76
40
18,39,70,76
40,44,68
41,43,44,50,73
14,44
18,40,68
15,44,46,50,62,64,76
6,18,58,66
46,50,52,58,65,76
14,34,44,62
44,62
66
79
18,21,44,52
23
40,44,68
40
48,79
18,40
18,23,62,80
44,73
40,48
43,64
18,32,41,69
40
18
18,32,69,79
41,44,65,76
14,44
40,44,68
44,65
44,58,62,76
40,41,44
40
46,50
18
18,69
25,40,44
40,48,74,79
44,62,73
44,68
15,39,40,43,79
40
41,44,65
46,52,64
14,41,44,62
40,41,44
46,50,52
65,79
6,18,23,40
18,40
23,79
18,40,44,68
69
46,50
40
18,40
66,79
44,52,62,73
15,40,43,44,74
41,69
44
40,48
39,79
41,44,69
18,40
68
2,18,58,66
18,40,44
15,39,40,43,79
44,65,79
18,40
14,34,40,44,62
23
44,68
43,44
18,69
40
47,50
41
15,41,43,57
46,50
18
44
40,44
18,22,39,41,76
40,44,68
18,40
79
40,44
18,40
39,41,69
44,52,62,73
44
44
40,43,44
18,68
40,44
40,44
44,57
46,50
41,76
39,79
76
39,57,74
39,65
18,44
41,44
4,14,40,62
9,41,44,69
62,79
44,73
2,18,39,62,76
18,39
46,50
18
40,44,64
39,46
40,44
44,46,64,68
43,44
44
62,76
40
41,44,46,50,52,73
40,57
40
44
46,52,57,74,79
66
39,66
40,44,68
44,46,50,52
41,44
41,69
15,39
18,23,62,79
18,41,42,46,50
20,43,64
40,41,44
8,21,49,52
18,44
44,46,50,52,62,65,76
46,79
41,44,46,50,69
28,40,44,68
52,57,73
57,65,75,79
8,20,33,58
18,71,78,79
40
18,40
40,44
41,43,44
40
39
15,43,52,73
39,41,65,69
44,46,50,65,76
41
62
20,44,46,50,65
44,59
74,76
15,65,76,79
18
39,41,46,50
20,45
58,66
46,50
47,79
44,46,50,65,79
44,64
40,41,44,46
68
41,44
44,62
44,52,58
40,44
15,18,32,39
8,18,41,62,69,70
40,41
40,44,68
41,44
40,68
15,44,52,62,73
68
52,62
41,44
44
43,44
9,40,41,44
39,44,52,62,76
18,68
79
15,39,43
40,57,74,79
44
18
44
66
18,39,41
6,18,45,50
18,39,41
40
23
47,79
18,20,23,79
18,40
43,65
8,69,75
23,39,58
40
18,40
44
44
8,21,49
18,23,54,58
46,50
40,48,74,79
40
46,50,62,76
18,40
52,57,74,79
40,44
66
44,62
40,44,68
8,21,49,75
8,40,46,50,76
46,47,73
41,69
20,40,43,64
15,39,43,44
44,68
18,44
44,68
40,48
40,44,68
44
40,57,74,80
39,40,43,48,79
6,18,23,26
46,50,58
75,79
15,43
23,39,50,58
14,44,62
18,46,50,58
15,44,73
46,50,52,57,73,74
44,50
69
20,40,47,48,79
18,47,66,79
18,47,69,76
41
40,44
18,40,68
40,44
40,41,69
40,48
44,79
18,69
23,29
41,69
40
41,44,46,50,52
41,44
40,44,68
41,44
47,79
18,40
44
41,52
40
18,23,47,79
40,44
40,41,44
15,18,39,43
40,41,48
34,44,62
8,41,44,46,50,69
18
46,50,65
44,62
18,43,52,73
18,62,76
44
8,18,41,44,69
40,44
41,44,62,76
41,46,50,58
23,29
18,40
39,46,62,76
44,68
39,41,44,46,50
40,43,48,74
18,40
8,39,40,43,44
18,46,50,58
50
40,62
69
4,14,40,44,62
29,46,50
39,50,52,79
44
18,68
46,50
63,71,79,80
40,41,44
15,44,65
44,68
15,44,75
40,44
40,44
2,18,62
46,50
40,44
39,46,50,52,73,74,79
29,58,69
18,20,39,79
44,73
41,44,46,50,62,65,76
39,44,62,76
39,44,46,50
41,44,73
18,40
66
18,58,62
15,43
44
41,44,52,62,73
39,40,48,74,79
18,39,44,76
41,44
44
6,20,23,45
46,50,52,58
41,43,44
46,50,52
40,44
40
18,69
44,52,73
44,57,73
39,66
49,52
40,44
39,44
40
41,43,44
40,44,68
8,18,69,75
44,62
44,46,50,62,64,76
44,62,73,76
15,39,40,43
18,44
44
46,47,50
44,62
7,35,71,79
39,62,79
50,58,66
41,44
41,50,69
44
40
18,40
40
44,62
52,58,62,64,73
40,48,74,79
40,44,68
18
39,62
8,66
8,41
44,52,73
21,49,52
40,50
18,23,66,79
40,44,62
40,44,52,73
40
41
40,44,68
46,50
23,79
40
39,44,62,76
40
39,41
79
40
39,69
41,44,52,73
18,39,41,70
44,62,76
46,50,64
41,76
69
41
40,48
18,29,45,54
44
44,57
47
79
40,79
44,68
15,39,74,78,79
8,18,41,69,75
62
40,44
46,50,52
23,66,79,80
62
18,44,68
52,57,73
39,66
44,52,62,73
8,18,32,69
18,41,44
40
18,40
39,71,78,79
8,18,64,69
40
18,42
18,44,68
69
18,40
47,50,79
40
46,50,58,65,76
18,40
40,44,62
58
18,40
22,39,41,65
44
40,48
14,34,40,44
79
39,45,58
40,41,69,81
40
20
40,44,68
41,44
44,62,76
44,62
50,58
40,44,68
20,36
44,62
41,43
40
47,52,73,79
41,44,46
44,46
40,44
8
40,44,62
40
40,44
40
44,65
8,44,62,73,76
44,68
79
46,50,65,79
40
39,41,44
44,65
44,46,50,65
12,44,52,69
18,69
18,23,79
39,66
8,41,43,44
46,47,50
8,15
18,39,41,44
41,46,50
64
46,50,52
41,44,76
39,71,74,78,79
79
44,46,62
18,44
44,68
18,40,44
40
20,43,64
41,69
28,40,44,62,68
18,26,40
40,41,44
14,44,62
18,23,75,79
39
18,40
18,39,46,52,73
46,50,52,76
40,41,44,62,76
43
40,44,68
58,62,76
15,39,43,74,78,79
46,50,52
15,39,40,43,78
23
2,18,29,58
40,44,62
8,21,49,75
18
39,76
43,44
44,46,50,62,65,76
18
23,45,54,58
40,44,68
40,44
40,44,63
66,79
18,32,41,62,69,76
40,44,48,62
15,43,46,50,65
52
40,41,44
41,44,62,73
18,40
44,46,50
8,75,79
62
14,44,52,62,73
18,68
41,42,46,50
14,40,44
39,68
44,57
79
18,68
18,40
40
41,46,50
41
79
8,18,69
76
18
40,44,68
58
18,39,41
41,44,62
40
44,62
41,44,62
41,42,46,50
40,44,68
8,69
8,18,69
50,58
40,41,44,65,76
41,57
62,76
18,39,75,79
40,44
40,44
18,20,23,79
43,44
44,62
41,44,46
41,62,76
23
41,44
40
39,58
44,62
44,62,76
41,69,76
40,44,62
8,44
40
41,43,44
52,57
40
69
41,44
79
18,23,79,80
39,41,65,75
15,18,39,43,52,73
18,22,39,41,76
18,20,40,79
18,20,58
40,41,44
44,62
50
14,41,44
39,46,74,79
44,65,79
40,44,62
41,62
40
18
46,50,52
18,62,71,78
46,50,52,57,65
40,44,68
34,44,62
39,66
40,44,48,62
52
46,52,64
44
8,18,69,75
39,50,58
18,40
39,79
76
18,41,57
18,46,50,52,58
39,41,44
40,48
39,69
44
15,44,46,50,62,65,76
40,41
8,75,79
40,44,63
18,40
39,40,74
15,40,43,48,74
18,50,58
44,68
17,18,76
18,62,69,76
40,44,62
40,44,62
14,43,44
15,23,47,79
18,39,41
41,62,69,76
41,44,52,73
44,65,79
39,46,50
41,44
18,44
40,44,62
41,44
52,73
44,52,73
40
62
40,62
20,24,71,79
46
40,79
44,62
40,44,68
40,48,74,79
8,15,43,65,79
40
41,65,76
40,44
41
39,62,65,79
40,44
18,62,76
40,41,44,62
15,43,48
15,39,43,46,50
8,52
18,41
18,45,54,58
40,44
18,40
62
40
40,44,68
40,48,79
18,23,54,58
18,44,68
43,44
18,23,62,79
58
40,44
18,40
62
40,44,63
14,40,44
40,44
41,44,46,82
18,40
39,66
62,76
18,20,23,45
6,18,23,26
43,44
8,18,41,69
20,40,43,64
18,40
41,46
44,73
50,79
46,50,65
41,43,44
41,44,46,52
44,68
18,39
41,44
40,57,74,79,80
50,58
46,52,57,73,74
40,44
52,66
18,42,69
44,68
8,69
43
41,44,52,62,73,76
18,69
18,39,58
18,62,76
44,62,73
62
46,50
18,58
2,18,44,58,76
18,44,47,79
40,44
18,40,68
40,44,68
15,39,40,48,79
40,44
40,48,79
57
40
33
18,68
40,41,44
79
39,41,44,69
8,21,49,52
41,44
15,39,43,74,78,79
45
8,50,52,62,73,76
14,44
41,44,52,62,76
44,62,73
50,64
52,62,76
39
8,69
40,43,44
14,40,44
18
44,62,68
8,41,46,50
40
20,43,64,73
18,41
25,40,44
23,58
40
39,74
41,44,65,76
18,68
62
15,46,50,52
18,40
20,45
8,15,49,79
40,43
43,44
44,46,50,52
44,68
62
44
23
18,34,44
39,46,50
40,48,74,79
41,44,46,62,82
18,40
40,44
66
41,69
20
18,44
40,44
52,57,73
79
18,32,41,69
41,44
41,46,47
18,62,75,79
46,50
40
40
40,44
18,69
23
34,40,44,62
40,41
40,41
15,39,43,79
18,58,62,76
40
40
41,44
23,66
40,44
23,39,66,79
29,46,50
18,68
18,44,68
18,41
18,33,40,45
15,18,41,79
44,62,73
44
52,62,73
23
18,44
39
52,62,73
14,40,43,44,62
44,62
18,52,73
8,21,49
41,69
40,44,68
39,66
46,52,58,62,76
28,44,68
40,44
4,40,44,62
21,49,52
44,68
79
46,50
8,21,49,52
40,44
44,46,62
62,63,79,80
62
40,44,62
44,68
15,40,43,48
58
52,57,73,74,79
18,50,69
8,18,44,58
18,29
41,44
40,44
79
40
66
44,62
18,62
40,68
23,79
18,42,46,50
40,44
18,40
23,39,58
41,43,44
18,40
40,41,44
41,42,46,47,50
23,58
21,49,79
44
23,39,66,79
41,44,46
66
8,18,62,68
40
46,52,57,73
40
41,46,50,64
18,40,44
18,40
40
15,46,50,64,65
20,36
15,18,20,66
40
40,44
43
44
44,62,73
40,41,74
29,46,58
18,40
20,29,43,79
40
41,44
40,41,43,44
6,7,39,79
44,68
43,44
8,18,69
52,57,73,74,79
66
39,73
40,44,62,64
18,39,46,50,74,79
62,79
14,40,44,62
44,62
18,21,44
15,43,46,50
18,39,75,79
41,44
14,40,44,62
46,50
41,44
8,44,62
41,62
20,36
44,64
79
79
8,79
40,44,68
44,62
41,69
41,44,52,73
44,68
41,44,52,73
18,46,50,52
39,50,58
41,46,50,69
18,40,68
44,73
14,44
40
41,44
18,40,44
1,66
40,44,68
18,22,39,76
40,44,68
46,50
15,44,64
40,57,74
40,57,74,79
41,69
18,66,76,79
44,79
40,41,44
58
40
29,46,50
40,44
40,44,68
8,44,47,79
15,43,52,73
40
44,46,50
44,46,50,62
18,44,69
41,62
41,43,44
18,58
6,18
41,44,62
18,40
44,79
44,64
44,62
41,47
58,66
41,44,50
15,79
40,41,44,46,50,69
18,40,44
40
41,44,69
40,44,68
40,43,44,62
46,50
41,52
40
18,39,46,50,74,78,79
39,45,58
40
62,76,79
18,47,58,69
40
23,29
40
39
40,57
39,44,46,50
50
66
41,44,69
41,43,44,52
52
29,46,50,58
40,44,62,76
44,62
15,43
18,39,50,65
40
18,41,62,68
46,50
40,44
18,40
46,50,52
46,50,52,62,73,76
39,46,50,52
18,40
18,62,76
39,40,57,74,80
18,40
40,41,44
41,43,73
46,50,52,62,76
79
18,40
46,50
44,73
41,44
18,68
14,44,68
44,57
39,62,76
41,46,50,69
20,36
18,39,40
15,39,43,79
18,44,68
18,40
41,44
40,41
40
79
41,43,44
18,23,66,79
18
18,44,68
40,44
52,62,73
40
8,21,49
44,46,50
40,48,79
8,47,75,79
46,50,52,73
18,52,73,76
18
46,50
41,44,46,50
18,69
44
15,39,43,74,79
14,41,44
18,44,52,73
45
62
2,18,58
44,52,62
44,46,50
40,44
23,29,45,54
29,46
79
18,79
15,43,78,79
25,44,62
40,44
33
40
44,62
46,50,64
46,50
44,46,76
40,48
32,58
18,40,44
44,68
39,79
40,48,74
66
18,68,71,78
66
23,39,46,79
15,39,65,79
18
44
18,40
62,76
8,18,23,79
18,39
44
40,44
39,46,50,52,57
68
40,43,44
44,52,62,65,73,76
79
62
18,40
23,39,58
58
41,44
41,43,44,62
18,58
44,68
52,68,73
8,43
43,44,48
20,43,64,79
46,47,50,76
41
18,40
66
14,44,73
29,58
41,44,73
40,41,44
43
18,26,40,62
39,66
40
15,43,48
44
40,44,62
15,44,46,50,62,76
40
18,40
41,44
39,66
41
41,44,52
79
40
40,41,57
44
23,50
14,34,44,62
44,46,50,52
46,50
8,46,50
18,32,41,69
40,44,68
44,62,76
79
40,44
41,44,50
18,39,41
41,44,62
40,44
40,48
40,44
43,44
18,39,66
40,48
39,41
44,62
18,42,46,50
18,39,74,79
41,44
41,44,52,76,82
62
39
44,74
41,44,68
40,44,68
41,46,50
18
46,50,52,73
62
46,79
40,41
79
44
44,62
18,46,50,79
40,68
18,40,68
41,44,46,50,52
40,43,48,79
32,44,52,62,76
46,65
18,40
40,68
52,57,73,74,79
39,46,68,73
8,41,44,62
18
40,44
23
18
8,43,44
28,40,44
23,62,69,79
40
15,46,50
41,46,50
79
41,44
15,41,62,79
41,46,50
39,66
32,69
44
44,46
58,66
40,57
40,44
18,58,75,76
18,41,69
79
40,41,44,62,65
18,62,68,79
52,57,73,74,79
40,57,74
41,44
39,74
46,50
20,40,43,79
40
18,69
8,18,69,75
40,44,68
8
44,68
44,69
18,46,50
41,44,68
41,44,46,50
40,44,68
40,44
40
39,41
40,44
62
79
79
8,69
40
50,65
12,41,44,62,73
40,48,74
40,41,44
40,44,68
40,44
40
50,62,65,75,76
46,50,64
6,23,45,54
18
50,52
6,18,20,23
41,46,50,78
40,44,52,73
2,18,58,76
41,44,62
39,74,78,79
39,66
39,40,66,79
44,62
2,18,23,58,66
79
18,40
41,44,52
20,29,79
40,44,62
47
44,68
15,40,43,79
32,41,44
18,40,44
44
15,39,47,79
8,18,69
40,41,44,62
40
18,41,44,50,52,73
46,50,52
8,44,69,73
40,57
52,57,74,79
44
40,43,44,62
44
46,50,52
40,41,44,46,73
41,44,69,81
40,79
8,65,79
44
18
41,44,46,50,52,62,76
41,47
41,65,75,79
40
44,68
44,68
43,44,62
44
18,20,71,79
62
44,46,50,65,76
40
28,44,68
28,40,41,44
28,40,41,42,44
18,23,66,75
48,74,79
79
40
40,44
8,47,79
18,46,50,58
46,47
41,44
40,44
18,40
40
39
44
52,57,73
44,50,76
23,40,66,79
18,20,39,79
41,44,58,62,76
39,65,76,79
46,50
23
47
43,64
41,44,65,75,76
63,71,79,80
40,44,68
40,44
79
14,44,62,73
43,44
40
8,39,41,69
40,41,44
52,57,73
39,40,46,50
18,40
40
44,73
40,41
18,62
79
58
41,44,65,76
40,48,74,79
40,48
23,26,79
40
40
40,44
41,44
2,18,58
18,21,44
41,44
40
40,43,44
44,52,62,73
66
40
44,68
19,44,64,68
8,18,69
2,18,44,58,62,76
41,43,44,73
2,18,58,62,76
79
39,41,44,62
41,44,50,62,76
44,65,79
18
76
44,52,62
41
39
46,50
20,43,64,79
15,39,40,43,74,78,79
18,40,68
18,20,23,45
40,44
46,50,52,58,66
43,44
18,44,58,62,70,76
44,68
62
18,44,62
23,79
46,50
40,44,68
44,68
15,62,75,79
65
44
20,23,43,64,79
20,40,43,64,79
8,21,49
41,44,75,79
63
39,65,76,79
8,18,69
18,40
40,44,62
8,18,44
43,44
40,41,44
8,18,41,69,75
18,40,44
44,68
79
62,65,69,75,76
40,41,44
8,79
65,69
18
40
18,40
18,23,46,50,58,66
66
40,48
40,44
41,69
8,46,75
8,49,52
18,21,44,68
6,18,23,79
44,46,50,62,65,76
8,15,40,43,48,79
44,52,65,76
18,33,39,58
18,20,23,79
44,68
52,62,74,79
62,63,71,78
44,65
18,40
18,62,76
23,58
44,52,62
41,44,52,73
40
18,50,69
43,44,68
68
20,43,64
40,74
41,44
44,68
44,46,73
40,44
66
6,18,20,23
44,68,73
79
18
23,58
39
18,68
44,68
46,50,52
44,76
52,62
40,57,74
18,20,40,79
41,44,50
14,18,44,68
40,48,74,79
44
29
23,39,46,50
14,34,44
43
40,41,44,73
41,44
44
52,62,76
39
18,20,23,79
52,75
52,57,73
44,68
23
40,41,44
79
40,44,48,74
28,44,68
46,52,57,73,74
39,58,66
39,66
40,44,68
23,66
44,46,73
18,22,41,70
44
8,18,41,69
63,71,75,79
18,40,44,68
14,44,52,62
18,40,44,68
41,69
40,44,62,68
8,18,69
18,63,71,79
23,79
41,44,65,76
8,18,69,75
24,62,63,71
8,41,43,44
40
8,79
40
18
66
66,79
41,44,62,65
6,18,20,45
44
18,20,45,79
44,68
46,50,52
40,43,48
18,44,68
29,58
14,44
41,44,52,62,73
40
39
39,44,52,62,76
41,44
41,44,52,62,73,76
40,44
8,44
18,40,44
46,50,79
40,44,62
40,44,68
46,57,73
40,44,62
40,48,74
40
40,62
66
17,65,69,75
58
40,43,65
44
46,52,57,73
23,58
40,41,44,62
46,52,58,62,64,76
6,18,26,79
41,44
39,41,69
44
18,40,44
44
8,18,69,75
18
28,44,68
15,43,44
62,76
41,44
18,23,58
18,41
40
43
8,41,69
18
44
43,44
46,50,52,58
46,50
44,52,73
18,44
43,64,73
40
40,48,79,80
40,44,62
39,46,50
65,69
43,44
41,44
66
18,40
44,68
23,50
40,44,68
14,44,62
41,43,44,46,50,73
44,68
40
42,46,50
69
40,48
44
40
46,50,52
32,65,69,83
58,66
41,44
25,40,44
18,41,69
40,44
39,40,41,44
39,62
69
66
28,41,42,44
20,40,79
15,40,43,48,74,79
41,44
18,41,69
39,40,74,78,79
40,44
79
41,44
18,66
33
62
40,41,44
41,75,76
8,40,41,44,69
18,41,46,50
15,39,43
40,41,44,46,50,65
40,44,62
41,43,44,46,50,52,64,73
40,44,57
40,44,68
41,44,69
40,44
20,23,54,79
44,73,82
41,44,82
18,65,66,80
44,68
40,57,74
18,40
41,44
18,62,70,76
15,39,43,44
40,44
40,44,74
41,44,46,82
40
39,66
40,44
40,44,62,63
46,50,62,76
18,44
41,44,46,62,76
41,48,65
44,52,62
41
14,44
18
44
8,41,44
44,46,50,65
34,44,52,73
41,44
79
47,58,76,79
23,79
62
41,44,69,81
40,44
39,40,74,79
40,43,64
41,69
40,44,62
41,43,62
45
8,44
41,44,46,50,76
46
40
62
40
8,62,66,79
14,40,44,62
39,66
34,44
52,62
33
41,44
58,76
74
6,18,26,45
18,20,23,79
44,68
62
44,62
18
39,58,66
29,58
41,44,50
46,52,57,73
40,44
41
44
8,18,62,79
18,40
20,43
12,41,44,62,64,73,76
41,46,50
18
48,79
79
29
62
44,62
8,41,69
62
40
29,46,50,58
40,44
41,44
18,40,44,79
8,18,32,69,70,75
3,66
43,44
8,41,46
17,39,69
40,68
68
79
40,48,74
46,50,52
46,52,68,73,74
41,44,57
18,68,75,79
18,40
15,44,46,50,62,76
44,68
46,52,57,73
44
44,65,76
40
41,44
41,44
18,40
44
18,39,58,66
40
40
39,41,46
29,46
40,44,65,79
15,44
40,48,79
40,48,74,79
39
8,41,44,52,69,73
44
41,44,62
40,74
40,71,74,79
8,18,69
41,44,52,73
46,52,57,73,74
2,18,76
79
47,79
41,44
18,68
40,44
18,40
40,68
46,52,57,74
41,69
18,26,40
40
40,48,74
18,41,72
44,62
41,44,69,81
8,57,74,79
52,57,73
40,44,63
40,57,74
8,21,49,52,75
44,68
41,44,62
15,43,46,52,73
46,50,52
40,44,68
46,50,52
46,50
40
18,21,44,68
47,79
15,39,40,43,48
18,44
15,39,74,78,79
8,18,26,40
44,68
18
44,64
19,41,46,52,64,68
41,46,50
40
66
40,44
18,39,46,50,58,66
43,44,64
40,44
40,44,62,65,76
8,41,46,69,76,83
18,44
18,32,39,76
41,69
23,66,79
14,40,44,62
44,62,76
42,46,50
40,44
41,46
46,50
18,40
18,29,36,54
15,43,44,46,64
46,50,52,62,76
41
18,40,62,79
52,68,74
40,44
40
40,41,44,48
43,48
8,75
8,18,69
41
40,44,62,68,73
44,46,50,79
41,62
41,46,50,52,65
41,46,50
44,50,52
40,44,68
46,50,52,58
66
15,18,39,43,79
39,40,43,48
18,62,63,79
15,44,46,50
40
18,58,76
41,44,46
8,41,52
40,41,44,62
44
41,46,50,69
15,44,65,73
18,40
46
69
18,41,44,70,76
40,44
44,52,62,73
41,48,79
40,43,44
43,48,64
39,62,79,80
39,41,44
44,68
40
66
41,44,52
58
18,44,62,79
39,58
40,44,68
40
14,44
40,44
40
32
15,41,44
18,40
40,41,44
33
41,44,69
40
41,69,83
18,32,59,62
52,62,76
39,46,50
40,44
29
8,23,29,80
21,52
18,39,44
40,44,48
46,50,73
40,44
41,43,44
46,50,65
69
79
21,49,52
40
2,18,58,62,76
39,41
52,73
52
18,44,68
46,50,52,57,74
40,44
20,40,43,64
15,40,43,44,48
18,40,48
18,40,68
40,41,44
40,44
40
18,68
44,46,50,65
44,52,62,69,76
18
8,44,69
6,18,23,50
44
8,49,75,79
18,26,40
23,79
41,44,62,73
18
40,44
41,44,52
40
40
18
18,69
6,18,23,26
18,40
8,21,49,52,75
18,19,44,52,68
44,73
40
15,44,46,50,62,64,76
62
40,44,52,62
44
40,62
8,18,41,69
44,62
41,44
19,41,44,46,52,68
18,40,44,62
46,50,52,73
14,25,44,62
8,79
18,41,69
46,50
20,40,43,48,64,79
40
44,62
18
18,40
8,40
40,68
41,44
44,68
18,42,46,50
18,41,62,63
18,40,68
23,66,79
44
41,44
18,41,69
40,44
46,78
28,44,68,73
18,62,76
40,44
40,62
40
39,76
18,58
44
40,44,68
40
41,44,65
40,41,44
18,26,40
23,26
39,40,46,50,57,74
46,50
40,44
15,40,43,48,65,74
14,44
6,18,23,62
18,41,62,68
39,41,44,62,76
39,40,44,62,76
9,41,44
46,47,50
40,44,57
40,44,74
76
18,40
46,50
14,44,62
40
18,40
52
6,18,23,45
41,50
40
44,46,50,62,65,76
75,79
18,44
41,44,65,75,76
40,44
44,52
18
44
18,46,50
44,62,73
40,43
46,50,52,57,73
40,44
41,62,76
44,46,73,76
46,50,58
39,58
40,44
18
6,18,23,45
41,44,69
39,46,50,52,64,65
18
52,57,73
39,47,65,79
44
15,23,66,79
66
40
40,48
66
39,66
18,20,44,79
18,40,44,79
43,48
8,17,41,69
20
46,75
18,40,68
15,39,40,43,74,78
40
18,40,68
40
40,44
18,39,47,79
23,66
23,66,79
40,43,46,48,65
44
46,50
8,79
44,68
23,79
46,58,65
23
79
44,46,50,62,65,76
40,44
29,50,58
43,64,73
41,43,44,50,58,73
62
46,50
18,71,78,79
15,18,39,79
6,18
44
14,44,62
8,18
40,44,68
41,44,46,50,69
40,44,68
23,39,46,50,58
46,50
6,18,23,54
23
40,41,44,46,50,62,65,76
40,44,46,62
44,68
40,62
34,44,62
18,26,44,62
20,36
40
44,52,62,73
40,41,44
18,40,68
41,69,76
52,62
18,39,66
18,69,76
18,52
79
39,66
41,44,52,73
41
8,41,52
44,46,50,65
40,43,44,48
62
41,44,65
15,39,43
8,21,49
41,43,44
40
14,40,44,68
18,40
18,40,62
40,41,44,62
41,44,50,62,75,76
18,44,62,70
18
46,73,76
39,62,64,79
40,44,62
8,69
20,40,43,64
41,44,62
44,68
39,46,50,52,58
15,39,48,79
44,62
18,41,44,69
18,68
40,43,44,68
75
32
41,62,76
18,26,40
79
15,40,62
39,44,62,76
44,58,62,76
18,23,52,73
44,46
46,50,52
39,62
6,18,45,80
44,62
44
15,39,43
44
79
44
6,18,23,39
18,40,74
8
62
8
18,40,78,79
20,43,64
43,44
18,40,44
44,46,50,62,76
15,39,40,43,79
41,46,50
40
46,50,52,68,73
39,58
34,44,52,73
8,28,41,42,44
23,79
44,52,68
40,52,57
14,44
18
40
44,46,50,65,79
40,48,79
39,46,50
52,68,73
41,46,50
8,46,50
46,50,79
44,73
18,39,41,44
41,69
15,44,46,50,62,76
34,40,44,62
41,44,46,50
40,41,44
39,45,58
18
18,44
14,40,44,62
44,46,73,76
40,44,68
46,50,52,62,76
62
40,44,52,62
40,43,48
75
8,18,32,41,69
39,58,66
44
14,44
68
44,52,73
18,39,46,50
18,26
46,50
40,44
69
8,40,79
44
8,41,69
15,43
40,48,57
74
39,46,50,52
14,34,40,44,62
18,41
20,43,64,79
41,44,46,73
41,44,73
18,68
46,47,50,76
18,40
18,26,40
41,44,82
41,44,46,52,73
44
23,29,58
15,39,41,44
18,63,75,79
71
40,44
46,50
44
40,44
46,47,50
44
39,40,57,74
46,50
44,79
18,44,68
52,73,78
47,79
40,44,68
41
40
18,20,23,39,79
52,62
44,62
18,40,68
40,44
47,79
40,62
40
39,46,50,58,66,73
18,40
79
41,50,52,62,65,76
62
66
40,48,79
18,40
39,46,50
20,23,66,79
28,44,63,68
18
41
44,65
12,44,69
8,41,44
44,62
62
44,69,81
41,44,46,50,69
21,62,63,71
23,46,47,50
50,52
40,74,79
14,44,62,82
44,58,65,76
40,44,68
18,20,75,79
46,50,52,57,74
40,44
18,42
41
18,23,58
69
40,43,44
18,40,43,62
18,39,76
41,44,52,73
8
62,63,71,79
44,62,76
14,40,41,44
9,41
39,44
41,79
18,40
40,44,48
20,45
40
41,43,62
62
44,68
39
40,46,48,50,52,73
40,44,62
44,62
34,40,44,62
14,44,62
40,57,64,74,79
40,41,44
40,44
41,44,46,50,82
40
14,44,62
41,43,44
20,29,66,79
18,32,62,76
39,40,46,50
18,39,46,62
40
40,44
40,44
40,41,44
40,44,63
18,44,68
23,79
43,44
8,18,69
18,44,68
44,46,50,65
41,69
8,43,44
18,44,68
40,44,68
18,40
18,46,50,76
41,44
23,29,58
15,18,43,44
39,66
15,44,73
40,44
8,18,62,76
18,40
41,44
23,39
52,58
18,42,46,50
40,41,44
40,44
44,52,68,73
40,44
40,44
79
79
8,18,69
44,62,76
44,68
39,79
41
40,44
59,62
15,39,43,44
40,44
40
41,44,57
40,41,44,50,62,76
8,49,75,79
20,23,64,79
18,20,58
40,44,62
44
18,28,41,44,52,69,73
44
20,43,73
44
46,50
29,46,50,58
18,44,68
41
41,44,46,50,73
18,23,29,64
46,50
18,39,41,44
40,41
46,50,52
40,44
44
40,44,62
41,44,65,76
46,50,52,57,73
40,44
18
40
39,57
57,74,79
8,44,58
40,41
41,52,69
18,41
39,41,46,50
18,34,41,44,62
44,79
44
40
41,44,62,76
44
44,68
46,50
40,44
34,44,62
6,18,58,79
40,62
40,44
41
39,46
50
41,44,52,62,73
43
52,57,73
39,40,50,57,74,79
40,44
34,40,44,62
40,44,62
43,79
44,62
41,69
40,44,48,74
18,32,69,83
18,41,69
44
47
40,44,48
8,18,44,69
40,41,44
44
43
52
23,79
21,49
40
40
46,50
44,62
40
44,73
8,18,69
18,40
39,46,69
40,44
15,43,46,50,52,65
14,40,44,62
44
46,50,52,57
52,62,73
45,58
40,44
40
18
14,44
40,44
18,23,63,79
14,40,44,62
18,40
41
41,44,62,76
44,68
14,40,44
20,43,64,79
23,50,54,66
43,44
44
44,62
40,44
20,47,75,79
6,18,20,39
40
23,46,50,52,73,79
44,52,62
57
40,44
40,44
40,44,68
66
43
14,44,73
18,68
62
40
8,15,79
29,46,50,58
41
44,68
29,58
40
47
47
44
44,73
41
44,62
62
44,52,62,73
39
18,40
44,73
21
18,39,79
40,44,68
18,40,44
66,79
47,79
44
79
41,46,50,69
18,40
66
40
6,23,26,45
28,41,44,46,50,68
8,18,69
32,39,79
41,44,46
40,41,44
23
40,44
44,68
18,20,23,45
39,44,46
8,44,62
6,18,45,54
44,62
8,21,49,75,79
40,44,68
39,41
44
39
46,52,57,73,74
34,40,44,62
44,62
46,50,52,57,73
39,44,46
52,57
44
44,46,50,62,65,76
8,18,69,75
40,44,68
40
44,73
52
40,44
40,44
46,50,52,62,73,76
18,52,62,76
44,52,69
46
18,21,44,68
20,47,58,79
41,44,82
50
18,23,79
39
40,44
40
41,44,62
79
14,41,44,69,81
33
41,46,50,52,73
40,41,44,62
40
18,44,68
41,44,46,50,52,62,76
66
79
18,62,71,79
44
40,41,44
62,65,76
44
41,69
17,32,41,44,69
15,44,46,50
79
40,44
40,48
39,76
15,40,43,44,68
40,41,44
40
18
62,63,71,79
41,44
40,44
14,44
41,44,62
40,41,43
40,44,68
43,44
41,69
23,46,50,52,73
41,44,62
41,44
8
74,79
46,52,64,73
41,44,52,73
79
46,58,62,65,76
40
23,46,66,79
20,45
25,44,62
44,62
66
44
40
44
79
18,41,69
7,18,41,50
15,41,44
39,41,65,69
40,44
44,68
15,40,43,48
44,62
40,44
6,18,20,44,75
46,50
18,44,58,62,76
46,50,52,73
41,44
44,50,62
25,40,44,63
18,41,44,68
40,48
46,50,75
44,46,50,65
15,39,43,73
41,44
18,23,29,79
18,21,44,68
40,44,68
46,50,58
18,68
46,50,52,64
18,40
39,66
62
18,32,39
18,39,43,74
44
40
34,44,68
20,45
44,68
79
14,44
46,50,52
39,40,74,78,79
65,69
62,63
40
46,50
44,52,62,73
8,18,69
6,18,26,45
18,62,63,80
6,18,23,45
41,69
41,42,44,46,50
41,44
47,79
18,40
40,44
41,43,62
46,47,50
44
73
40
62
18,50,58
18,40,62,68
40,43,46,48
18,40,62,79
23,39,50,58,66
43,44
43,44
15,40,43
18,47,75,79
40,48
41
23
44,68
40,44
40,44
5,40,44,62
41,44
46,50
44,62,73
40,44
18
2,18,44,58,62,76
18,40
62
47,64
40,41,44
41,46,50,52,64
40
17,41,69
8,50,58
18,39,58
41,44,69,73
32,83
39,66,75,76
44
17,18,32,41
8,18,69
41,44
41,43,44,82
46,50,52,73
44,65,79
20,43,64
47
18,39
40,44
41
46,52,64,73
44,46,50,58
44,52,73
62
43,44
40
40,44
43,48,65,79
44
44,76
41,44,46
40
8,52,65
41,44,46,50,64
44,46,50,65,76
40,44,62
50,65,76
40,41,44
39,41,44,46,50
41,44,46,50,52
18,26,58,66
41,43,44
50,65,75,76
41,43,73
18,40
76
39,78,79
18,23,39,46,50,58
43,44,73
40,44
46,50,52
18,40,44,68
44,68
18,40,41,62
40,44
44,46,50,64
18,40
15,44,46,50,62,65,76
41,46,50,52,57,73
18,68
46,47,50,76
41,46,50,64
40
40,44
62
44,49,65
58
40
44
46,50,73
44,52,62
23,45,54,58
18,42,46,50
34
40,44,68
44,62
47,50
40,44,68
8,18,69
41,44,76
23
46,50,64
40
44
41,44
46,50,79
79
44,76
40,44,63
46,50,64,73
46,50,52,57,73
34,44
44,46,50,52,65
41,52
46,50,52,68,73
40
40
40
46,50,75
29,50,58
21,49,52
40,74,79
44,46,64,68
41,69
39,46,50,52,58,62,76
41,44
40,43,44,48,68
79
41,44
40
8,47,79
47,79
8,79
44,46,52,64,68
32,65,69,83
18,40
65,75,79
40,48,74,79
62
62
44
40,44
40,41,44
41,44
40,44,68
40,44
40
8,18,69
63,71,75,79
41,69
20,43,64
44
40
43,62
40,57,74
23,66,79
15,44,62,65,76
44,68
46,50,52
46,50,52,73
8,40,79
40,44
18,40,68
8,15,46,79
40
44
2,18,58
14,44,68
40,44
18,20,39,79
75,79
41,69
41,69
18,41,44
14,40,41
41,44
41,44
39,40,48
40
39,74,78,79
40
46,50
8,50
66
40
74,78
28,41,42,44
18,68
43,44
23,65,76,79
50
40,41,44,69
76
44,68,73
62
62
40,43,44
41,44,62,73,76
46,50,65
41,44,62,73
40,44
8,21,49,52
40,41,44
41,69
18,23,46,50
8,41,69
66
52,62,73
15,18,43
41,46,50
40
44,68
40,44
41,44,73
44,68
46,50
40,79
41,44
44,65,75
21,49,79
46,52,62,76
14,44
18,41
18,40,62,79
29
40,52,73
18
8
18,41
62
44,52,62
6,18,20,45
18
18,40
62
18,39
41,43,44
46,50,58
46,58,65
18,44,68
17,41,46,69
18
8,49,52
40,44
6,23,45,54
40,44,62
46,50,64
40
6,62,66,79
8,41,76,79
44,46,50,79
28,44,68
14,40,44,62
21
40
46,50,52
14,44
40,41,44,50,65
32,44,65,69,83
8,79
39
15,43,44
18,21,44,68
39,66
66,79
46,50,52
6,18,23,66
79
47
8,41,43,44
44
18,59
41,62,76
74
18,44
14,34,44,62
40
40
40,44
18,40,62,79
71
23,40,66,79
43,44,48
40
40,44
14,41,43,44
46,50
52
18,42,46,50
41,44
44,46,50,65
41,44,46,50,65
47
75,79
15,79
40,44,62
8,44,69
40,43,44,48
40,44
20,36
18,23,79
40,44,62,63
44
18,40,44
62
39,58
23,52,79
8,62,76
18,39
8,28,41,42,44
15,43,79
46,50,52,73
21,49
43,44,46
40,41
40
46,47,50,52,57,74
41,44
41,44,46
15,39,44,79
39,58
40,41,44
41,44,69
44,69
65,76
23,79
14,40,44
62
18,40
46,50,52,73
6,18,26,45
44,68
66
40
66
40,41,44
8,18,41,69,75
40,44
23,58
79
18
14,44,62
41,44
18,40,68
18,73,76
46,50
18,45,54,79
15,44,46,50,62,76
69
8,18,68,79
44,62
79
29,46,50,58
14,34,40,44
40,44
18,40
40
62
23
15,18,23,79
8,21,49
18,66,76,80
40,44,48
18
15,58,62,76
62
44
25,44
18,41,44
66
18,41,69
18,40
40
8,18,69
40,44
40,44,48
44
66
41,46
41,52
34,44,62,68
40,44,48
46,50,52,57,73
8,18,69
44
18,62,76
44
41,44
41,62,76
40
44,52,69,73
40,44,62
40,44,68
46,50,52,58
39,79
40
40,44,46
62
40
40
52,73
6,18,45,50
41,43,44
62,65,76
40,44,68
18,20,75,79
52
43,44,64
40,44
39,46,50,74,79
46,50,52
40,79
39
8,18,69
18,44,64,69
40,44
44,68
44,69
18,68
15,39,40,43,48,79
44
18,40
40,48,74
40,44
18,41
44,68
79
40
46,65,73
41,44,50
62,65,76,79
39,40,57,74
8,21,49,75
18,20
41,44,62
20,40,43,64
46,50,52
8,44,46
44,68
58
14,34,40,44
40,48
39,46,50,74,79
40
18,21,62,68
79
41,44,62
46,50,79
40,78
18,40,57,74,80
62
15,40,43,48,74,79
40,44,62
44,46,50
46,50,52
18,40
14,44,52,62,73
15,43,44
40,43,62
14,41,44,62,73
40
41,44
66
40,44,62
44
39,41,62,76
40,79
41,44
18,39,41
44
44,73
46,50,52
40,44,68
40,44
14,40,44
8,38,75,79
44
8,69,75,79
8,18,41,69
74,78
39,79
40,44
40,44
18,40,44
44,46
23,39,75,79
40,43,62
40,43,44,62
52,62,73
66
41,44,52,62
41,50,52,62,76
8,21,49,75
76
40,44
47
20
18
20,23,40,43,64,79
18
40,41,44
46,50
43,44
40
18,39,58,79
39,66
8,18,69,75
44
40,41,44
41
23,50,58
8,75,79
15,44,46,50,65
65,69
14,44,62
18,23
6
23,29
18,20,29,45
18,44,68
18,41
40
68
8,18,68,79
44
18,20,29,50
43,44
18,40
18,62,69,79
23,79
40
79
18,44,68
18,44,62,75,76
64,69
46,50,52
40,44,68
41,44,62,65,76
34,40,44,62
8,44,64,75
18
21,41,44
40,41,44,48
40,48,74
44,62
18,44,68
40,44,62
46,52,57,73,79
18,62,68,79
41,43,52,73
40
46,50,52,76
40,44,62
40,43,44
15,41,44,62,73
40,44
8,18,69,70
41,44
40,48,74,79
32,69
39,41,44
69
39,46,50,52,57
29
46,50
41,46,50
18
46,52,64,75
40,48,79
41,79
8,21,49,75,79
39,41,76
18,47,48,79
44,62
40,44
41,44,69,81
46,50,52,57,73,74
41,57
62
46,50
40,48,79,80
6,18,20,45
20,79
40,44
46,50,62,65,76
15,41,44,79
8,18,69
20,46,50,52,73
40,44,68
18,50,58
65,76
41,65,76
40,44,62
58
6,18,23,26
41
44
19,52,64,68
40,44,68
40
15,43,44
44,62
8,75,79
15,39,40,43,74
44,46,50,62,64,76
40,41,44
44,79
15,44,46,50
44,76
41,44,69
40,44,68
44
14,41,44,62
52,57,73
40
40,68
44,68
46,50
18,40
18,40,44
8,21,49,75
17,69
50
41,57
29,46,50,58
40,41,48,74
58
15,46,62,79
18,69
40,44
26,79
41,46,52,73
8,69,75
18,40,44,79
18,32,39
44
58,62,76
40,44
40
18,32,39,75
40,44,68
29,46,50,58
15,39,40,43,74,78
79
23,58
40,64
62
6,18,20,66
41,43,44,50,73
15,44,52
44,46,52
74,78
40,41,44,48
18,26,40
39,46,50
40
44
44,73
40,48,74,79
47,79
40,44
40,41,44
41,46,50,65
15,44,65,73
44,62
40,44,62,68
46
18,40,68
18,69
15,44,62,76
8
18,32,41,69,70
46,50
40,48,79
44,62
14,44
18,41
18,40
40,57,74
43,44
41,46,50,52,73
79
18,40
41,43,44
40,44
76
44,46,50,65,79
15
44,68
40,41,44,62
39,46,50,52,57,74
18,68
46,50,52,58,64
79
39,58
44,79
41,44,76
48,79
40
18,40
39,44,62,76
43,44
18
41,44
23,52,73
50,58
40,41,44,62
8,79
46,50
41,43,44,62
62
41,44
8,18,69
20,29,79
40,44
46,50,58
15,44,73
40,48,74
40,44
41,44,65
44
18,40
40,44,68
8,17,39,41,69
29,46,50,58
44,68
41,69
18,20,71,79
40,41,43,44
40,44
40,41,44
44
14,40,44,63
40
18,68
44,52,73
46,52,57
40,44
66,79
79
18,58,66
40
39,40,46,52,57,73,74
40
40,41,44,50
44,62,76
18
18,41,44
41,44
8,41,79
20,36
40,44
1,18,45,76
46,50,52
40,44,68
41,50,69,75
43,44
40,57,74
39,78,79
29,58
41,46,52,57,73,74
68
18,26,40
41,46,50,69
40,43,44,68
50,52
21,49,52
41,44,46,50
40
40,41,44
40,41,44
21,49,52
39,40,62,79
40,41,43,44,57
18,47,66,80
9,41,46,50,69
79
52
18,39,41
40,57,74
8,18
41,69
14,25,44
8
18,22,41
18,40,68
52
41,44,69
19,44,46,52,64,68,73
46,47,50,79
18
46,50
18,41
46,50
40,44,57
39
40,48,74,79
18,52
40,48,74,79
46,50
41,69
44,62
39,41
18,40,47,79
23,39,58
18
52,57,73,74,79
40
40
43,44
44,73
20,29,64
66
18,40,44
40,62
40,57,74
79
46,50,52
52,58
39,79
18
40,57,79
6,18,50,66
18
40
20,43,64
40
15,43,46,50,65
15,21
15,40,43,48,74,79
44,52,62
8,49
18,41,69
52,68,73
18,40,68
32
20,23,36
40,68
40
44,46,50,62
14,41,44
41,44
40
46,50
44,68
12,41,44,69
40,48,74
8,75,79
18,58,62,76
40
21
41,44
41,44,82
18,40
41,44,52,73
18,39,66
44,46,50,64
46,50
58
40,44,68
43
14,40,44,62
8,75
40,48
20,23
62
17,41,44
40,44,68
40
18,68
40,62
41,44,52
44,46
46,50,52
64
41,69
46,65
44,62
62
76
39,41,76
28,44,68
41,42,44,46,50
50
18,39,50,58
40,43,44,48
62
41,46,50
58
40,43,44,62
79
39
23
15,39,43,71,74,78,79
40
46,50
25,44
41,44,62,73
15,39,43
52,63
44,64
40,44
66
8,46,50
40
46,52,76
40,44
40,44,68
18,40,62,79
41,44,52,73
14,44
79
18,23,50,65
40
44
18,41,72
47,79
8,58
44
44,73
8,73
40
41,44,46,50,64
40
40
4,40,44,62,73
46,50
14,34,41,44,62
41,44,52,73
40
29
79
75,79
41,44,65
46,52,58,64,73
40,44
44,62
44,62,73
66
79
14,43,44
66
41,44,65,73
20,43,64
44
29
41,44,46,82
8,18,69
40,44,68
41,50,57,74
44,52,57
15,43,44,46,50,64
40
21,39,47,63
40,44
40,44
41,44,50,69
58
44,62,73
40,44
41,44,62
6,18,45,79
40,44
40,44
8,44
46,52,57,73
66
44,52
8,21,49,52,75
40,44
62
18,23,62,79
44,46,50,65,79
39,58
18
40
62
44,62
40,44
40,43
40
62
41,44,57
12,52,58
46,50
46,50,52,73
18,69
18,40,68
66
40,44,62
44,46,50,73
15,39,43
46,50,62,76
14,44
40,44
14,44
18,66
18,39,41,44
46,50
58
44,62
8
46,52,57,73
41,44,46,50,69
18,68
41,44,46,52,58
41,46,64
15,44,46,50,62,76
8,18,41,69
40,44,63
41,44,73
43,44
40,44,68
41,43,50,73
20,43
40,41,44
8,18,32,41,69
40,41
14,34,40,44,62
40
18,40,62,79
40,44,68
44,68
44,46,50
40
23,66,79
15,44
32,69,83
41,44,69,76
18,40,68
46,50,52
18,42,44
18
41
44,62,65,76
18,40
52,68,73
39,41,65,79
18,40,44
14,44
52,73,74
40,41,43,44
15,18,39,40,43
41,44,62,73
18,40,62,79
39,41,46,50
65,79
18,46,50,52
40,57
40
40,44,62
39,58
40,48
18
15,43,46,50,65
18,40
15,40,65,79
40,44
29
41
46,50
41
20,43,79
44,62,73
39,66
40,44
47,79
18
39,41,69
40,44,68
40,41,44
46,50
40
18
40
46,50,65
18,23,71,79
40,44,68
18,46,52,68,73
15,40,43,48,79
41,44
41,69
14,40,44,62
18
8,52
44
40,44
40
40,41,44,76
14,44,62
41,42,46,50
40,44
66
39,41,69
44,62,64
40,48,74,79
44,68
40,44
18,40
52,62,73,76
18,41,47,76
40,44,62
44,62,73
8,18,69,75
44
40,41,44
40,44
29,46,50
46,50
41,44,62
40,41,44,73
40,44,62,73
40
41,43,44
32
6
40,44,73
57,65
43,44
40,44,68
18,40
18,20,23,62
44,58
39,58
23
40,44
46,50
23,79
39,41,46,50,52
40,44,68
40,44,68
40,44
18,39,65,79
41,44,62,73,76
20,46,50,52,73
40,44,46,64
44
62
40
18
41,44,62,82
40
40,44
18
44
62,64,75,79
40
18,42,46,50
52,73
39,79
44,46,50,73
44
25,44
15,39,40,43,48,74,79
62
40,41,44
44,64
18,20,66,79
18,44,68
18
41,44,62,76
14,41,44,62
40,44
18,62,75,76
40
41,69
44,68
41,62
40,44
50,69
28,41,42,44
14,41,44
18,39,43
40
46,50,52,73
18,46,62,66
44
40
40
39,40,65
40,44,52,62,73
14,44
6,18,29,45
74,79
40,78
46,50,52
46,65
23,58
40,44
40,41,43
43,44
41,44
18,50
41,44
18,40,44,68
40,41,44
15
26
23,66
18
23
44,68
40
39,66
41,46,50,69
44,52,62,73
41,62,65,76
40,44,68
8,18
39
79
46,52,58,69,73
8,39,69
46,50,52
44,68,73
40,48,74,79
44,62
44,65
18,40
18,32,65,69,83
40,44,52,57,73
18,69,75
46,50,52,57,73
18,41
6
8,69
18,44,69
18,20,44,79
44,46,50,62,65,76
46,50
41,44,46,50,52
44,79
20,65,71,79
18,40,44
79
44,68
15,39,74,78,79
40,48
79
8,18,49,79
44,68
46,50,52,58
18,40
8,21,49,52
41,44,48
41,44,52,73
18,40,62,79
69
44
41,44,82
20,21
29
40
8,18,32,41,69,75
62
40
41,44
41
44,68
18,46,50
40,41,44
18,41,69
18,39,75,79
40,41,44,69
41,44,65
18,40,44,68
39
18,40
18,40
23,79
25,40,44
46,47,50,79
52,65,76
62
62
40,62,76,79
8,41,44,62
40,52,57,80
15,39,40,78
40,44,68
46,50
79
40
39,44,62
18,42,46,50
41,44,62
46,50,52,58
44,46,73
41,43,44
79
15,40,43
40,41,44
40,44,68
18,52,62,76
46,50,52,62,73,76
6,18,26,79
8,18,40,68
23
41,50,69
79
46,50,64
79
44
40
79
41,50,62,76
40
4,40,44,62
40,68
8,41,69
15,39,40,43,48,74,79
50,52,58
44,62
40
62
28,40,44,68
15,39,43
40,44
6,21,23,63
52,57,73,79
18,44,52,73
23,39,58
40,44
6,18,58,79
18,39,65,76
18,20,23,54
34,40,44
8,18,69
18,46,69
44,46,47,50,65,79
40,44
46,50
40
41,78
44,68
22,41,44,68
15,44
44,62
44,52,73
62
6,18,23,45
40,44,57
23,79
41,46
46,50,52,64
7,18,35,79
18,58
40,44,68
41,46,52,57,73,74
14,44
62,66,75,79
79
40,43
40,41,44,57
8,17,41,69
18,40
79
8,47,79
40,41,48
40
44
18,46,62,76
29,58
46,50,52
40,44,62
66
76
46,50
40,44
20,43,64
40,44
44,52,62,64,73
44
66,79
9,41,44,46,50,69
25,40,44,62
41,44
40
62
46,50,52,57,74
40
40,44
62
40
39,58
41,43,44
40,57,74
8,52,75
41,44
40,44
18,41
41,69
40,44
18,62
20,23,43,64
39
40,41,44
39,58
40,41,43,44,62
18,23,47,79
44
40
41,44,65,76
44
39,41,69
79
44,62
79
15,44,62,65,76
44,68
32,69
41,46,50
15,44,50,65,73
66
40
44,68
40,44
18,23,66,79
15,39,43
46,50,52
8,18,69
17,58,76
40,43
39,62
41,52,62,65,76
18,50,69,81
18,68
40,44
40,44
40
39,41,69
40
18
18,41,42,69
46,50,52,57,73
39,40
69
44,50
44,62
44,62
79
40,44,62
66
58
40
41,44,62,69
40,41,44
40,41,43,44
9,40,41,44
66
44,46,50,52,65
18,40,68
43,44,46,50
62
8,18,39,69,70
43,44
40
40
46,50,52
44,62,73
18,21,44,68
44
40,44
14,41,44,62
41,44,69,81
18,39,41,44
41,69
44,68
40,44
18,39,57,79
41,44,62,76
40,44
18,44
40,44
40,44
18,44,49,62
40,44
44,46,50,65
44,65
15,39,43
8
44,68
40,44
41,43,44
20,23,45,54
44,73
40,52
15,39,43
44,62
8,18,69
18,41,69
44,68
44,68
41,44,52,73
66
62
46,50
44,62
14,41,44
44,46,50,62,65,76
47,79
46,50,52
65,69
46,47,79
40,44
23,36,66,79
62
18,40
15,39,46,50
44,46,50,65
18,40,62,79
44,62
8,18,69,75
40,41,44
28,44,52,68
15,39,40,43,74,79
46,50,52
40,44
15,43,44
44
14,59,62
40,43,44,57
8,75,79
41,46,50
44,68
40
14,44,62
41,44,57
40,44,68
23,46,47,50,79
41,46,50,52,64
39,58,66
40,79
41,44,46,50
40,44
8,39
18
39,79
18,45,57,79
46,50,52
18
8,39,50,75
15,39,43
40,44
44,46,62,76
40,43,48
39,46,52
40,44,50
52,62,73
40,44,57
44,58,62,76
52,57,73
40,44
21
41,44,57
33
18,50,52,69
40
79
46,50
41,44,46,50
41,44,46
44,68
39,46,50
44,62
18,40,68
39,46,50,52,57,74
40,44,62
34,44,68
40
8,41,44,68
41,44,52,73
40,41,44,62
44
39,40,41
40,43,48
40,44,68
39
40,74
44,62
40,44
58
40,62
41,44,75,76
15,39,43,44,46
21
23,39,58
43,57,64,74,79
34,40,44,62
44,68
39,62,64,79
66
8,43,44
40
29,46,58,79
46,50,52
40,41,43,44
40,68
18,29,39,79
18,40,44,68
8,18,69
40,44
40,44
46,50
41,44
8,52
8,52,69,73
44,52,76
21,49
8,21,49,75,79
18,69
40
62,65,66,79
39,46,50,52,62
41,44
44,46,50
40
40,46,50,57
18,40,71,79
8,43,44
79
40,41,44,62
18,20,52,73
43,62
46,48,50,79
18
40,44
8,75,79
18,44,68
39
40
8,79
69
44,68
18,40,44
39,41,44
40,57,74
15,44,46,50,65
8,47,79
18
18,44
40,44,68
8,18,69
8,49,52,75
44,68,73
44,68
41,69
40,44,62
44,76
41,44,46
40,44,62
8,18,41,69
29,46,58
46,50,52,73
44,46,50,65
40,44,65
8,49,75
14,44
40,44,68
79
8,41,79
41,44
52,57,73,74,79
44
39,41
62
39
46,52,73,74
9,18,41
45
44
39,66
40
41,44,46,82
8,44
46,52,64,68
40,44
40
18,68
18
40
8,46,52,62,76
41,43
41,42,69
6,18,23,45
6,7,39,62
52
18,41
52
44,62
40,43,44,48
23,39,79
44,62,76
40,44,68
44,46,50,62,65,76
44,62,73
18,40
40,44,62
46,47
40,41,44
6,18,20,79
8,18,26,79
52,74,79
79
14,34,44,62
41,44,46,82
40,41,44
39,40,41
21
18,23,26,36
46,52,73
66
40,44,68,73
40
40
40,41
18,62,76
40
18,40
20
15,39,74,79
46,50,52
44,68
18,69
40,74
6,23,45,54
62,76,79
39,44,46
14,41,44
41,44,46
43,44
40,48,74
18,26,40,44
18,40
41,44,82
44,52,73
40,48
66
40,44
66
44,62
41,44,82
41,46,50
41,44
23,66
44,76
44,52,62,73
44,52,68
18,40
40
18,62,76
18,48,62,74
44,68
18,44
41,44,46,50
43,44,62
41,42,44,46,50
44,46,50
18
66
41,44,52
40,44,63
18,39,40
41,44,46,50
18,58,62,76
15
40,41,44
62
14,40,44
79
18,40
15,44,62,76
52
79
40
41,44,73
44
39,44
46,50,52
14,52,62,73
18
8,44
44,62
40,44,62
7,18,20,62
18,40,44,68
41,44
79
40,44
14,44,62
20,57,71,79
66
14,41,44
18,41,69
44,62
21,49,52
44,62
40,44
79
39,40,57,74
18,39,66
46,50
20,36
18,22,72
18,40
19,44,52,68
18,40
18,41,46,50
40,74,79
40,44
39,40
8,18,41,69,75
8,21,49,52
18,40
44,68
40,48,74,79
44,68
18,40,62,68
40
40
45
44,73
18,39,66
40
18,40
40,44,63
44
41,44,69,81
18,40
40
41,44
40
40,44
62
43,44
79
40,44
8,50,64
18
46,50
40,48
69
43,44
40,62
41,69
44,68
40
39,66
40,44
44,46,50,62,65
62,76
18,40,68
2,18,62,70,76
44,68
39,69
52,57,73,74
8,49,75
21,49
23,79
46,47,76
8,46,50
43,44,73
8,18,58,76
44,46,50,62,76
41,44,46,50,62
44
75,79
43,50
40
40
40,48
8,18,32,69
23,46,50
46
18,40
41,44
79
18,41,69
18,41
46,50
46,52,64
64,76
12,18,41,44,69,70
44,46,50,62,76
18,40
8
41,43,44
69
6,18,45,58
14,40,44,62
79
41
52,62,73
23
41,44,65,69
45
43,44
46,50,52
44,46,50
14,34,44
40,68
6,45,50,58
40
15,43,79
41,44,65
41,44,69,81
8,79
44,62
41,44,62
18,41,69
41,44
40,44,68
43
40,41,44,62
44,62,76,79
18,42,46
15,39,41,43,46
66
41,43
40
41,44,52,73
40
40
46,50,52
40
46,50,52
66
18,62,70,76
18,40
4,15,44,62,76
40,48
79
40,41
52,57,74,79,80
40,41,44
18,40
18
18,41
44,46,50,65
14,44,62
44,46,50,62,64,76
18,47,76,79
18
14,44,62
18,41
28,41,42,44
44
44,57
46
44,65,79
46
40,44,64
41,44
34,40,44,62
46,50,52
6,18,20,45
40,43,44
46
44,52,68
41,46,50,64,69
46,50,65,73
44,46,50,65
41
39,40,57,74,79
8,18,41,69
15,46,50,52
79
40
23,47,57,79
46,47,50,79
18,40
44,62
18,62,68,79
18,40,68
66
8,75
39,44,52,62,76
62,76
44,57
8,18,69
44,68
62
44,62
41,44
8,21,49
41
44,62,73
14,44,52,62
41,43,44
29
42,46
40
44,62,65,76
40,43,44
46,50,58
15,44,52,73
43,44
46,50,73
20,43,64
44,68
8,15,65,79
18,44
40,41,74,78
14,44,62
14,44,62,73
44,68
40,48,79
62
41,43,44
8,18,69
40
23
40,44
39,66
18,44,68
41
40,71,79
40
40,57,74,79
40,44
23
29,46
40,75
34,41,44
36
79
41,44
48,79
40
18,39,41
41,44,46,76
44,46,50
14,44,62
41
8,52,73,75
15,40
18,40
41,44
46,64
40,44
18,40
20,36
41
41,43,44,62
15,39,43,79
46,50,74
44,76
41,44
18,46,50
40,44,62,73
41,43,46,50
23
18,39,58,66
68
40,44,62
40
44,62
41,46,50
8,79
41
15,43
41,44,69
62
40,43,44
41,44,52,73
44,68
9,41,44
40,41,43
40
58
18
44,68
44
41
58
8,15,40,43,46,48,79
18,68
18,62,68,79
41,43,44,50,58,73
50,58
40,48,74
18,69
8,41,50
41,44,46,50
41,44
18
18,44
8,50,69
52,62
44,62
79
40,44
24,62,74,79
39,74,79
40
66
40,44
41,43,44
41,52,68
40
18
46,50
41,44,52,62,73,76
8,46,76
15,18,43
40,44
40
15,44,46,50,62,76
15,44,46,62,64,76
40,41,44,62
15,40,41,43,79
39,74,78
40
40,44
8,18,32,69
40,43,44,48
8,18,69
15,46,50,76,82
40
44,62,65,76
40
79
41,44
18,79
20,43,64
62
40,44,68
18,44,64,68
18,40,44
52,73
46,50,58
18
8,75,79
39
8,52
40,44
20,45
8,79
18,40
40
52
2,18,58,62,76
43,64,73
15,41,44
62
41,43,44
15,41,44,46,50,52,73,76,82
41,44,52,73
40
41,69
43,62
41,43,44,73
40
79
18
29,46,47,50,52
18,69
44,62
40
40,41,44
58
39,40,57,74,79
46,50
14,41,44,73
44
39,62,66,76
39,79
58,66
20,66,75,79
44,52,62,73
44,68
44,62,76
40,44
40,44
44
28,40,44,68
18,23
29,39,46,50
20,71,78,79
39,43,48
40
46,50
40
40
64
40
43,44
15,43,44
24,39,43,48,79
24,40,48,74
41,44
8,20,23,79
44,62,68
18,62,68,69
40,43,48
29,58
14,44
44,62
41,69
14,44
15,39,43,78
40,44,52,73
18,62,70,76
40
40,44,68
14,40,44
40,44,63
40,44,68
41,44
40,41
40,44
40,57,74
44,62
18,41,46,50,52
44,68
40,44,48,62
62,65,76
62
44,68,73
14,44,62
40,44,74
41,44
15,41,43,46,48,50
18,40
49,65,75,79
18,41,69
18,40,44
44,65
52,57,73
15,43,78
41,44,50
40,44
40,41
40
43,44
43,48
66
40,44
23,39,46,50,52,58
15,43,46,50,65
40
40
18,44,68
44
18,40,44
39,41,69
44,68
8,21,49,79
20,43,64
79
40,41,43,44,62
39
44
40
40
40,41,44
44,68
8,39,69
18
44,76
18,44,52,62,73
40,48
40
79
15,50,65,79
6,20,54,66
23
23,62,66,79
18
8,44
40,48
18,62,76
18,40,44,62
43,44,62
40,48,74,79
18,32,69,70
40,52,57,73
18,41
41,44
46,58,76
40
15,39,47,76
71,78
66
43,79
18,40,71,79
18,26,40
40,41,44
18,41,69
18,44
46,50
44,68
44,68
18,39,41,58
40
14,40,44,62
6,18,23,66
68
46,50,52,57,73,74
41,46,50
48
18,41
66
44
15,39,40,43,57,74
18,40
18,40
8,18,41,69
46,52
46,50,52,57,73
43,44
8,18,58
18,62
79
50,76
41,43,44,46,50,73
18,44
18,44,68
40,48,74
39,41,69
46,50
40,44,68
41,44
15,44,46,50,62,76
40
40
8,18,23,79
42,46,50
29,46
40,44,62
44,62
23,79
62,76
41,44,46
62
15,44,65
44,62
46,50
18,40,44,68
40
41,43,44,73
18
39,40,79
23
62
18,20,23,79
40,79
40
62,76
44,62
8,18,69
41,44,52,62
8,75,79
44,62
20,29,43,64,79
46,50,52
44,46,50
40,43,44
46,50,52,62,76
40,44
40,71
43,48
40
39
44
40,48,74
46,50,52
8,40
18,40,44
58
23,39,66,79
40,43
44,46,50,65
41,43,44,73
8,18,41,69
39,66,79
15,43,52,73
40,44,68
44,62
46,50
40,62
44,46,50
44,52,62
28,41,50
44,62,76
41,46,47,50
18,23,62,79
40,41,44
39,44,62
41,44,50,62
41,42,46,50
15,48,65
41,44
18,23,39,58
44
14,40,44,62,73
39,40,79
23
15,39,43,46,50
40,68
18,32,41,62,69,70,76
8,47,79
44
41,44
40
40,44,68
40,41,62
18,20,23,58
18,62,75,76
8,44,52,65
40,44
15,18,39,79
18,58,62
40
8,18,41,69,75
62,63,71,80
18,40,44
52
41,69
44
39,79
44,46,50
18,40
41,44,52,62
40,46,50,62,76
40,48,74
40,41,44
15,40,43,46,48,50
41,44
18,40,68
8,18,69
40,44,62,76
44,68
40,44,62
18
4,40,44,62
79
29
46,50
40,44
40,44
23,39,46,50,66
40
40,41
18,68
41,44,46,73
39,66
41,44,46,50,52,58,73
79
44,52,62,73
18,44,58
15,43,48,74,79
41
15,39,40,43,57,74
41
62
40
41,44,46,50
46,52,57,73,74
46,50,52
62,65,76
44,46,50,52,64,65
52,62,73
52,73
41,69
18,43,52,73
41,44
45
20,23,66,79
42,46,50
40,41,44,68
8
40,62
41,44,47
40,48,74,79
40,41,44
41
39,40
40
69
40,68
18,40
41,44
6,23
40,44,68
8,44
46,50,52,64
41,44
43,44
18,26,40
44,52,62,73
40,41
28,40,44,62,68
39,50,52,58
18,46,50,52
15,18,39,43
40,44
8,18,69
46,52,57,73
46
18,39
18
40
40,44
18,62,75,76
40,44
68
18,40
8,47,79
46,52,76
69
20,66,71,79
46,50,52,64
40,41,44
44,62
44,68
40,44
40,41,48,74
18,39,41,44,70
8,69
14,34,41,44,62
40,48
44,62,73
18,44
18,40
21,44,52,73
46,52,68,73
43,48
44,46,50
66
40,44,68
41,65
40,79
40,44,62
18,44,68
41,65,69
23,79
58
20,43,64
46,50
44,62
18,62,76
18,23,29,45
79
40,41,44
14,18,34,44
44,68
32
46,50,64,65,75
39,41,44
46,50
18,52,57,74
44
18,40,68,79
40,46,48,50
18,44
40
18,40
41,46,50,52,73
23,52,79
41,44,69,81
44,69,76
66
41,43,44,46,50
40,48
40,44
40
20,43,64
41,69
39
8,18,69,75
66
23
52
41,44
40
18
18
41,69
66
41,44,47
46,47,50,52,57,73
40,44
41,44,46,50,65,76
18,26,40
44,64
17,41,44
46,50,52
18,29,62,63
40,41,44
24,40
8,21
18,23,40,79
64
50,52,73
40
14,43,44
44,46,50,65,79
39,50
44,68
1,23,66
28,44,62
41
15,40,43,48,79
40,48
41,44,69,81
39,66
46,50,52,64
44,50
18,62
14,40,44,62
39,44,46,64,65
40,44,68
62
58,66
44,62,64
41,44
43,44
41,44
66
18,40
39,44
15,43,44
40,44,62
41,44,46,50,64
23,39,47,58
79
39
18
15,76,82
39,46,50,57
46,52
41,44
40
40,48
46,47,50
20,43,64
44,48,62,68
40
41,52,57,65,73
18,41,69,81
18,68
41,44,76
18
40
66
18,39,41,44,65
46,52,73,74
40,41,44
44,68
41,44,50,57
18,68
40,44
24
46,50,52,57
18,40
6
44
40,79
40
8,39,41
39,40,66,79
15,41,43,44
44,52,62,73
29,58
14,34,44
18,41,42
18
15,40,43
23
40
43,44,62
39,46,50,58,66
6,18,45,79
44,68
44
40,57,74
62,63,71,79
41
46,50
8,41
44,68
46,50
40,44
41,44,52,69,73
40,44
41,44,62
40
18,39,41,70
41,44
40
40,44
8,18,62,76
15,40,43,48,79
41,46,50
41,44,62
40,48,74
66
39,78,79
39,66,79
62,76
20,40,43,64
18,62,66,74
41,44
40,52,73
23,66
18
29,46,50
46,50,64
44,52
18
44,52,57,73
25,44,62
40,41,44,62,76
41,69
39,74,79
46,50,52
44
66
40,74,79
79
18,40
41
15,40,43
44,68,73
8,75,79
46,50,52,57,65,74
18,39,44
18,44,68
40,79
46,50,52,57,73
18,40
41,44
23,39,62,79
40,44
46,52,58
44,46,50,76
44,62
39,46,50,58
15,46,50,65
40,68
18,41
44
18,40
58
44,62
18,23,45,54
40,44
41,44,73
52
47
15,41,43,46,50,52
15,44,68
34,44,68
8,79
46,50,52,64
62,76
40,46,50,57,74
52,79
8,18
44,65
25,40,44
20,43,64
32
40
79
40,57,74,79
18,44,68
18,23,66,79
15,21,41,79
6,18,23,26
40,44
15,39,47,79
15,41,43,44
44
29,46,58
52,57,73,74,79
14,44
40,41,44
23,66,74,79
44,68,73
47,50,79
15,40,43,46,50
52,57,73
49
65,69
39,74,78,79
43,44
39,46,52
44,68
40
41,69
40
41,42,46,50,64
8,52,75
44,62,68
40,44
44,46,50,58
40,44
58
29,46,50
40
40,44
40,44
40,44
44,68
40,43,48,79
46,47,50,52,57,73
18,20,21,49
46,50,52
39
44,73
40,41,44
18,40
41
40
40
20
46,50,52
40
40,44
18,40,44,68
66
40
40,44
40
40
46,50,52
39,41,46,52,65,75
40,44,57
18,40
40
18,69
15,44,46,50,62,76
41,44
40,44,48
14,40,44,62
40,44,68
18,23,79
18,41
40,43
41,43,44,50
18,20,29,79
18,44,68
40,48
15,39,40,78
20,40,43,64,79
46,50,52
8,15,18,79
18,52,74,78
21
40,44,62,73
40,44
40
18,40,44
40
14,44,62
40,41,44
62
14,40,44,62
39,46,64,65
8,18,69
44,62,76
69
43
46,50,52,73
39,41,44
69
46,50,52,64
18,68
20,43,64
40,44,64
62,69,76
40,48,74,79
6,18,23,26
40
18,40
40,44,68
18,40
41,44,52
14,41,44,62
8,49,52
15,39,43,74,78,79
46,50,58
44,68
8,18,32,69
40,44
40
18,41,58,76
14,40,44,62
6,18,66,79
41,44,46,50
40,48,74
8,39,41
20,23,45,79
14,44,62
40,44
15,44,79
44,46,50,52,73
52,57,73
39,44,62,76
39,41,44,69
14
74,79
15,40,43,44,48
44,68
52,74
40,44
18,41,44,46,52
40
40
18,39,79
66
18,29,45,79
18,65,69
40,43,44
23
40
46,50
14,41,44,62
41,44,46,52,73
15,44,73
18,23,66,79
44,68
40,43
79
58,62,75,79
40,44,62,68
40,44
39,41,44
18,40,44
18
40,48,74,79
62
40,41,48,74
15,44,46,50,65
40
40,44,68
44,46,50,65
18,40
79
40,44,62
14,34,44,62
29,50,58
62
62
18
44
28,44,62,63,68
20,43,64,79
14,44,62
9,41,44
79
15,44,46,50,62,65,76
40
62,76
15,46
18,68
40,44
29,46,50,58
39,41,44,46
6,18,23,79
40,57,74,79,80
39,40,57
39,40,57,74
46,50
40,48,79
18,68
40,44,79
8
18,39,76
41,46,50,69
40,44,68
40,62
18,40
44,62,73
44,62
41,44,62
44,52,73
58
40,43,44
40
40
14,44
18,44,68
58
18
40
18,46,50,52,58
41,44
18,32,41,69
44
62
41,42,46,50,52
40,43,48
41,44,46,50,52,62,76
40,44
39
41,44,62,76
18,42
41,43,44
44
40,44,68
18,40,44
41,44,46
44,46,50,62,76
39,46,50,52,79
44
41,69
41
41,44
58
44,68
40,44
18,39,41,44
46,52
46,50,73
17,44,76
40,48,74,79
39,44,46
65,79
40
8,15,39,40,43,48,50,79
41,69
44
8,75,79
62
8,18,58,79
41,44,50
44,52,73
8,18,32,41,69
52,57,73
44
44,52
15,39,40,43,48,74
15,40,43
62,64,75,76
8,18,69
66
79
43,44,62
40,78,79
52,66
18,44,69
8,21,49,52
41,47
40,57,74
39,71,74,79
46,50,52,62,76
4,40,62
34,40,44,62
43,44
40,62
18,58
43,44
44,65
23,45,50,54
23
18,20,62,79
40,44,73
40,79
40
8,41,69
8,49
40
8,49,79
52,79
40,44
41,44
18,23,39,79
40
46,52,57,73,74
44,46,50,64,65
18,40
79
40,41,44,62,76
44,52,73
19,64,73
14,40,44,62
39,41
39,41,65,75
65,79
40,44,63
79
18,40
40
18,26,40
15,39,40,41,43,44
50
41,44,75,76
44,64
12,41,52,69
39,66
46,50
79
40,41,44
44,62
18,41,44
39,41,44,65
44
40,44,68
44,62,82
40,43,48,74
18,23,65,79
46,50,52,62,73,76
46,50,52,62,73
44
14,44
19,41,44,46
44,46,50,65
40,44
44,68
40,46,79
41,69
40
39,44
26,47,79
39,41
46,64,76
39,66
2,18,62
12,41,44,62,73,76
46,50
40
40,44,68
43,44
62,65,76
44,52,73
41,42,46,50
43,48
40
40,44
40,44
40
15
20,23,66,79
18,69,70
18,40
18,40
46,52,73
40,44
20,44,46,50,65,79
18,40
40,44,62
46,50,52
41,46,64,69
18,40,68,79
39,44
18,20,45,79
52,57,73,74,79
40,44
32,44,65,69
18,75,76
8,75,79
40,44,62
46,50
18,44,68
41,44
20,40,43,64
18,62,76
40,44
40,44,62
44
40,44,68
44
40,43,44
18,42,46
76
44,62
79
40
46
39
79
41,69
40,41
15,39,40,43,48
14,34,40,44,62
40,44
14,34,40,44
23,79
15,39,43
62
40
44
44,68
57
40
15,40,43,48,74
44,73
44,68
40,68
41,44,62
40,44,62
18,23,39,79
44,68
52,68,73,74
41,46,52,73
41,44,82
41
40,41,44
40
14,34,44
40
18,23,46,79
29,58
15,18,32,79
23,79
41,57
14,41,44
46,52,64
14,44,62
18,52,73
18,62
2,18,58
8
39,58
39
46,50,52
8,40,79
18,44,62,68
68,74
41,44
18,44,62
18,58
18,62,66,74
40,44,62
65,69
14,40,44,62
20,40,43,64
71,78
18,39,43
46,50
79
41,44,46,52,62,73,82
40
44
15,39,40,43,78
46,47,50,52,57
44,68
39,41,44
40
40,41,44
39,46,50
23,79
47
18,39,44,68
18,42
40,57,74
40,41
44,46,50,62,65,76
44,68
20,43,64,79
14,62
8,69
66
14,40,44,62
6,18
40
8,18,46,50,52,62,73,75,76
44,52,68
41,44
40,65
41,44,46,64
44,68
40
39,40
46,50,52,73
40,44,68
8,49
29,46,58
40,79
40
17,41,44,52,83
40,44
18,39,62,79
6,23,45,79
40
40,44,62
40
18,79
18,39,65,76
14,44
40,44,63
44,52,73
44,62
40,44
23,47,75,79
62
44,46,50,65
18,69
41,44
40
40,44
52
44
40,44
23
41,62
8,18,52,58,62,76
62,76
41,46,50,69
8,21,49,52
62
41,46,50
23,40,79
18,40
40
14,44
18,62,76
40,44
15,44
39,48,65,79
76
52,66,71,79
46,64
40,41,44
46,52,57,73,74
15,43,52,73
47
41,44
18,40,44
40,44,63
15,39,74,78
23,39,58,66
18,62,68,79
8,17,41,69
39,58
69
40
18,41,69
15,39,40
44,46,50,62,65,76
46,50,52,73
41,44
14,44,73
41,44,62
44,52,73
44,79
15,39,74
8,44,46,76
46,50,52,62,73,75,76
41,44
40
39,79
40,44
52,57,63
44,68
41,44
66
79
44,50,62
40
14,40,44,63
75,79
44
44,62
20,23,43,64
40,43,44,68
40,80
18,20,45,79
40,44
15,39,62,79
44,50,52,68
41,44,52,73
40,44
40
18,40,62,79
40,57,74
41,44,69
39,40,79
40,62
18,44
46,50,52,57,73
39,79
23
8,79
4,15,44,62,65
40
40,44,62
44,62
39
40
8
18,40
40,48,74
44
18,39,58,66
44,68
18,52,73
8,32,62,69,76,83
44,73
43
44,46,50,65
41,44,62,76
44,62,73
44,62
18,23,62,64
18,22,39
18,62,76
79
40,48,74,79
40
62
18,40,44,68
40
40,41,44
41,44,65,75,76
18
40,44
39,46,50,74,79
18
18,68
44,62,73
17,41,65,76
18,46,50
40
6,20,45,50
18,58,62,75,76
2,18,58,66
40,48
18,50,58
41
18
40,44,48
18,40,62,79
23
40,44
40,79
44,58
58,66
15,40,43,48
18,40,44
46,50,58
44,68
15,40,43,48
40,44,48,62
44,46,50
18,19,44,46,52,64,68
18,40
18
44,46,50,64,79
18,40
44,50,52
39,66
18,39
75,79
23,79
44
66
40,44,62
62
8,69
44,68
18,69
40,41
39,40,44
44
44,46,50,65
44,68
39,40
44,46,52,64
20,36
40,44,62
40,48
40,44
41,46,50
8,18,69
41,46,50,62,76
18,23,45,54
18,40
39,41,47,79
41,44
14,40,44,62
52,57,73,79
50,58
15,42,44,46,50
18,44,68
39,44,46,69
15,44,65,79
44,68
46,50,58
15,39,40,43,79
18,23,39,79
41,44
18,41,44,79
41,42,46,50
18,21,44
47
40
40,44,68
18,40,44,68
62,66
40,44,68
46,52,57
40,41,44,62
40
40,44,48,62
41,69
41
44,62
44,46,50,65,79
40
66
40,44,48,62,68
40,44
17,44,65,76
32,46,50,52,62,73,76
44,62
18
8,52
52,57,73,74,79
44,62
14,44
20,44,64
40,43,46,48,50
18,40,68
18,40
40,48,74
18,63,71,79
40,44
20,23,66,79
62,76
40
44,68
44,46,52,73
20
18,41,42,44,46,50
44,73
18,39,41,44
18,26
44,68
18,32,41,44,62,76
66
41
15,49,52,68
6,23,29,54
43,44
28,44,68
18,40
40,44
40,44
18,20,23,79
46,50
50
19,41,44,46,64,68
41,43,44,62
40,44
41,44,74
18,40
47
79
18,41,69
21,44
40,44,62,73
52
44,65
8,75,79
8,44,73
18,40,68
44,68
40,44
44
41,69
23
18
46,50
40
40,48
62,76
40,44
39,46,50
66
43,44
23
18,44
44,52,57
39,62
40
18,39,41,44
44,79
40,43,65
44,52,62
40,41
43,44
40,43,44,68
18,52,62,76
44
46,50
18,40
40
9,40,41,44
69
18,20,23,79
39,40,74
40,79
44
47,79
44,52,73
40,44,68
8,18,41,69
79
40,44,62
40,48
40,44
18,41,44
40
43,44
40,44
18,41
41,44,46,52,73,82
40,44
46,47,50
66
18
40
44,62
40,44
18
46,50,52,73
40,44
62
46,52,57,73
14,44,62
21
41,44
18,39,58,66
52,57
40
40,44
18,26,40
62
44
18,40
6,18,23,26
41,44
46,50
41,42,46,50
41,43,44,82
18,20,29,45
40,41
15,39,40,65
41,44
40,44,68
40
40,48,79
40,41,43,44,62
39
1,66
50,65,76
47
44,52,62,73
44,68
8,18,69
44,62
23,39,66
23
39,65,69,75
44,68
40,44
44,64,68,73
46
52
46,50,52
44,62
52
8,18,69,70
23
28,41,42,46,50
39,46,50,58
46,50,52,64
32,69
40,44
18,22,41,72
66
2,18,58
44,46,50,52,69
44
39,45,58
46,52,57,73,74
18,40,44,62
8,41,69
69
18
79
41,44,65,76
46,50,58
8,41,46,50
5,40,44,62
14,40,44
40,44,68
40
40,57
18,40,44,68
18,68
39
40,44
8,43,44
40,48,74,79,80
18,20,23,79
50,52,57,74,79
18,40
18,40,68
40,41,44,65,76
15,44
17,44,46,50,62,65,76
44,62
18
40,68
40,44
44,52,62
40,44,68
41,62,76
18,79
40
44,46,50,65
40
18,41
21,49,52,75
44,58,62,76
41,44
21
8,18,41,69
46,52,79
76
23,39,79,80
15,40,43,48
40,44,57,62,63
41,48,74
15,44,62,76
40
23
44,62
44,65
46,50,58
8
41,50,69
41,73
18,41,47,76
62,71,74,79
41,44
69
18,44,52,62,73
18,39
18,41,69
44,46,50,65
40,44
41,69
18
18,40
44
18,52,62,75,76
18,41,62,69,76
79
40,44
46,50,52,62,65,76
40,44
79
41,44,50,52,73
6,18,20,21
79
34,40,44
18,23,41,79
40,44,68
40,44
46,47,50
23,79
18,40
39,58,66
44,68
41,44
8,39,44,69
40,44
40
66
44,68
14,44
40
39,58,66
39,66
79
18,40
41,62
23,29,54,79
46,50
40
17,18,44,76
40,44
18,40
15,40,43,65
40
15,43
46,52,73
44
39,41,69
15,39,43,44
41,44,73
44,57
40,44
40,44
8,18,52,69,70,73,75
23,39,46,50,58
18,41,44
40
18,41,69
44,68
6,62,64,79
8,41,44,69
46,50
76
21,49,52
41,69
39,40,46,50,74
41,43,44
18,40
18
40,48
52,64
65
8,79
40
41,44
15,39,43,78
44
40,41,44
40,41,44
17,32,41,44
41,44
8,65,75,79
40,44
46,50,52
14,44,62
46,50,57
79
79
18,68
18,69
40,44
18,41,44
32
46,50,69
46,50
15,57,65,74
40,48,79
40,44,62
46,50
40,48,79
41,43,52,73
41,44,82
44
18,23,62,79
41,44
41,44
18,40,44
79
23
18
18,23,62,79
18,41,50
41,44,52,69,76
39,40,46,50,74
41,43,44
39,58
18,44,68
40,41,44
40,44
8,15,41,44,62,76
44,68
40
46,50,64
40,44,62
17,18,39,79
44,46,52,73
69
41,65
41,44
1,6,18,79
44,52,62
15,41
40,41,44
39,66
14,41,44
39
14,15,44,62,73
44,46,50,62
40,41,76
41,44,76
40,44
44,62,79
40,44
40,44,68
40,48,79
34,44
66
46,50
18,52,73
46,47,50
40
46,50
44,58
41,44
40
58
15,43,46,50
8,44,49
17,41,44,65
39,66
8,44,58
40,48
40,44
18,23,75,79
40,44,68
52,57,73
18,68
44,52
41,44,46
1,6,18,20
79
18,20,23,26
44,46,50,62,76
44,76
18,39,58
41,43,62
62
40
18,39,76
6,39,58
46,50,79
14,40,44
66,79
46,50,64
44,68
40
39,41,69
18,40
8
41,44,69,81
18,42
18,69
52,73
44,46,73,82
40
14,44
14,34,44,62
18,23,44,62
23,79
18,68
40,44,68
39,41,46,50,64,65
46,50
45
44,62
18,40
44,68
41
41,44,46,73,82
40,41,44
40
44,65
41,44,46
18,41,69
14,41,44,62,76
40,44
41,44,46,50,52,62,76
8,21,49,75
41,44
52,68
40,44,68
40
40
18,40,50,62
18
62
46,50
39,41,65,69
40,44,68
41,44,46,50,52
40
17,76
18,68
40,44
40,44
18,40
40,43,48,62
69
39,58
1,6,18,66
79
44
41,44,57
44,49,52,73
23,39,58
8,41
44,68
44
40
41
18,32,39,76
28,44,68
41,44
21,49,52
40,44,62
18,40,68
44,62
18,40
8,18,32,69
15,43
18,44
18,22,41,44,72
41,44,46,50,73,76
44
41,44,52
18,69,75
52
18,44
15,18,43,52,73
41,69
41,82
46,50,52
40
40,41
40,44
40,44,68
39,46,50
40,44
18,20,23,79
18,40
43,46
40,44
66
34,40,44,62
18,40
44,68
18,39
79
46,50,52,73
41,46,50
79
8,49,52
39
44
18,41,44,72
40,44,62
40,44,62
39,66
62
18,40,44
40,44
25,40,44
40,44,68
46
40,48
44,62
44,46,50,52,73
18,44,68
40,44,68
40,41,44
46,50
44,62
46,50
46,50,64
18,40
18,22
40
8,18,69
40
41,44
41,46,50,69
40,43,48,62
41,43,44
39,58
18,40,44
41,44,52,62,73
44,46,50,64,76
18,40,62,71
14,41,44
40,48
15,40,43,44
8,18,69
40,63
46,50
20,43,64
18
18,20,62,79
43,44,68
43,44
40,41,44
18,39,41,44
44,62,76,79
18,40,68
41,44,76
44,62
40
18,40
39,46,50,79
8,44
46,50,52
75,79
40,41,44,62
47
50,58
66
41,44,46
44,68
44,52,64,73
40,44
18,40
79
40,41,44
20,23,71,79
44,68
40
44,68
40
18,23,39,46
58
18,46,69
44,62,73
79
47,79
39,41
40,44,68
15,40,43,48
41,46,69
8,75,79
18,71,79
41,44,46,76
44,46,50,76,79
18,62,75,79
39,79
6,18,39,40
8,79
40,57,74
40,44
66
57,74,79
46,50
44,68
15,39,40,43,79
40,41,44
18
44,68
18,44,72
20,23,36
23,66
23
14,44,62
44,62
79
18,68
18,62
41,44,52
74,78
40,41,44
40,44
34,44
41,69
18,40,44
18,23,47,79
41
40,44,62
62
46,50
46,50,52
40
40,74
40,43,44
52
44,62,73,76
40,41,44
41,44
23,29
62
43
40,57
52,73
41,46
15,40,43,48,74,79
14,43,44
18
29,58
41,69,76
8,75,79
40,44
41,69
8,75
15,43,44
66
47,69
23,66
18,41,44
44
40,44,68
18
41,44,73
44,64,68
18,40
15,43,65
40
41,44,62,76
58
15,46,47
18,40,44
79
15,39,65,79
41,44,46,50,73,82
40,41,44
18,41,69
6,18,20,79
41,44
32,41
44,46,50,62
18,79
8
18,20,75
41,50,58
14,62
40,44
40,44,68
18,40
52,57,68,73
62,65,76
79
44,68
40
58
40
41,44
15,44,46,50
40,44,62
40,44,68
23
79
41,46,47,50
46,50,52,57,73
18,21,44,68
40,44
40
15,39,46,50,74,78
18,39,58
41,44
18,40
50,58
15,44,46,50,65
8,79
29
52
8,58
43,44,73
39,58,66
15,41,43,44
41,43,44
18
79
40,44,73
46,50
41,42,46,50
8,23,62,68
44,58,62,76
41,52
39,40,74
40,41,44
20,40,43,64
66
41,44,73
44
44,62,73
40
44,46,64,68
40
41,44,50
40,48,74
46,50,64
44,68
40,44
6,18,29,45
48,79
44,52
40,41
44,64
75
24,40,48
46,64,73
40,44,68
18,42,46,50
18,22,41
40,48
39,79
8,18,69
18,40,44
40,44,68
62
40,48
15,18,62,79
40,44
18,75,76
18,44
14,34,40,44,68
46,50,65
18,23,62,79
40,48
18,23,65,66
40
62
18,52,73
40,44,68
76
15,39,43
15,40,43,48,74
8,75
23,39,66,79
17,41,52,65
23
52,79
29
17,41,44,65,76
39,66,79
40
18,40
44,68
18,66
23,47,79
14,34,44,62
40,44
40,44,52,73
44,68
41,46,50,52,73
18,44
45
40
41,44,46,50,69
18,41,62,69,76
44,62
44,59,62
20,21,62,79
29
58,76
23,29,45,54
15,18,58,73
41
44
18
47,50,73,76
40,44
40,44,62
40,41,44
15,40,43,48,74,79
41,42,46,50
40
62
18,40,44,68
44,68
41,62,76
14,44,68
66
8,21,49,52
18,40
18,69
79
40
44,68
40,44,68
40,41,43,48,74
44,46,52,64,68
44,75
18
15,44,49
44,62
18,44,68
20,43,64
52
18,44,76
6,45,54,79
44,68
8,79
46,50
23
40
40,43,48,74,79
18,40
8,39,43,44
6,18,23,45
40,68
41,44
44,68
8,69
8,18,65,69,75
46,50
21,49,52,62,76
14,44,62
41,43,44,46,50
40
18,40,44,68
44,62
23,58,66,79
79
40,44
47,79
44
44
18,41,69
66
39
41,44
46,52
41,46,50,52,65
62
41,46,50
23,35,47,79
41,44
41,44,68
40,44
18,32,41,62
40,43,48
41,44,46,50,64
44,68
23
40,41,44
40
39,66
44,46,52,73
46,52,73
39,43
15,44,46,50,62,65,76
46,50,58
33
18,40,44
46,47,50,76
47
41,44,46,50
44,68,74
18,46,50
18,47,69,79
39,58,66
14,44,52,62,73
44,68
40,44
44,52,57,73
18,40
14,44,62
46,50,52,58
18,46,50,76
15
44
40
23,46,52,79
62
44,73
28,44,68
8,41,69
23,66
40,44,68
46,52
18,41,62
6,18,58,79
40
40,41,43,44
18,32,69,75
79
44,46,50
40,44,63
40,44,62,76
52,73
41,46,50
65,79
40,41,48,74
52,73
44,68
50,58,65,79
18,40,44
17,41,44
21,44,49
18,40,44,62
62
39,44
40,41,44
79
50,58
18,58
52,79
41,44
41,44
43,44,46,50,52
40,41,44,62,76
23
39,46,50
41,43,44
74,78
44,52,73
59,62
18,40
39,52
44,62,76
40
44,62,76
41,44
18
18,40
66
